mouse_id	IL.1a_Bacillus S.	IL.1a_Bacteroides V.	IL.1a_Candida A.	IL.1a_CD3/CD28	IL.1a_Clostridium P.	IL.1a_PBS	IL.1a_Pseudomonas A.	IL.1a_Staph A.	IL.5_Bacillus S.	IL.5_Bacteroides V.	IL.5_Candida A.	IL.5_CD3/CD28	IL.5_Clostridium P.	IL.5_PBS	IL.5_Pseudomonas A.	IL.5_Staph A.	IFN.y_Bacillus S.	IFN.y_Bacteroides V.	IFN.y_Candida A.	IFN.y_CD3/CD28	IFN.y_Clostridium P.	IFN.y_PBS	IFN.y_Pseudomonas A.	IFN.y_Staph A.	TNF.a_Bacillus S.	TNF.a_Bacteroides V.	TNF.a_Candida A.	TNF.a_CD3/CD28	TNF.a_Clostridium P.	TNF.a_PBS	TNF.a_Pseudomonas A.	TNF.a_Staph A.	KC_CXCL1_Bacillus S.	KC_CXCL1_Bacteroides V.	KC_CXCL1_Candida A.	KC_CXCL1_CD3/CD28	KC_CXCL1_Clostridium P.	KC_CXCL1_PBS	KC_CXCL1_Pseudomonas A.	KC_CXCL1_Staph A.	MCP.1_CCL2_Bacillus S.	MCP.1_CCL2_Bacteroides V.	MCP.1_CCL2_Candida A.	MCP.1_CCL2_CD3/CD28	MCP.1_CCL2_Clostridium P.	MCP.1_CCL2_PBS	MCP.1_CCL2_Pseudomonas A.	MCP.1_CCL2_Staph A.	IL.1b_Bacillus S.	IL.1b_Bacteroides V.	IL.1b_Candida A.	IL.1b_CD3/CD28	IL.1b_Clostridium P.	IL.1b_PBS	IL.1b_Pseudomonas A.	IL.1b_Staph A.	IL.10_Bacillus S.	IL.10_Bacteroides V.	IL.10_Candida A.	IL.10_CD3/CD28	IL.10_Clostridium P.	IL.10_PBS	IL.10_Pseudomonas A.	IL.10_Staph A.	MIP.1a_CCL3_Bacillus S.	MIP.1a_CCL3_Bacteroides V.	MIP.1a_CCL3_Candida A.	MIP.1a_CCL3_CD3/CD28	MIP.1a_CCL3_Clostridium P.	MIP.1a_CCL3_PBS	MIP.1a_CCL3_Pseudomonas A.	MIP.1a_CCL3_Staph A.	MIP.1b_CCL4_Bacillus S.	MIP.1b_CCL4_Bacteroides V.	MIP.1b_CCL4_Candida A.	MIP.1b_CCL4_CD3/CD28	MIP.1b_CCL4_Clostridium P.	MIP.1b_CCL4_PBS	MIP.1b_CCL4_Pseudomonas A.	MIP.1b_CCL4_Staph A.	IL.17_Bacillus S.	IL.17_Bacteroides V.	IL.17_Candida A.	IL.17_CD3/CD28	IL.17_Clostridium P.	IL.17_PBS	IL.17_Pseudomonas A.	IL.17_Staph A.	IL.6_Bacillus S.	IL.6_Bacteroides V.	IL.6_Candida A.	IL.6_CD3/CD28	IL.6_Clostridium P.	IL.6_PBS	IL.6_Pseudomonas A.	IL.6_Staph A.	IL.13_Bacillus S.	IL.13_Bacteroides V.	IL.13_Candida A.	IL.13_CD3/CD28	IL.13_Clostridium P.	IL.13_PBS	IL.13_Pseudomonas A.	IL.13_Staph A.
30-10	0	0	0	1.69	0	0	0	3.21	0	0	0	19.52	8.94	13.95	9.25	12.59	105.02	46.36	0	143.1	16.78	7.41	128.79	336.8	9.72	23.53	0	11.52	34.48	0	10.69	52.13	20.3	75.54	0	8.7	42.53	7.08	24.92	31.78	12.03	15.79	0	19.49	23.25	22	7.47	21.79	0	0	0	0	3.71	0	0	0	5.13	0	0	21.4	142.45	64	0	87.46	111.47	167.72	0	90.16	91.19	0	193.76	141.44	0	14.6	0	23.43	0	14.67	20.86	54.03	0	0	0	52.2	47.77	8.36	0	13.99	24.87	121.79	0	0	38.99	18.58	34.14	28.51	0	0	0	2.69	2.3	0	0	6.03
30-21	0	0	0	0	0	2.86	0	4.58	0	0	18.38	10.72	0	13.49	0	15.34	0	0	20.11	104.14	0	10.34	14.64	24.02	3.45	0	3.24	15.91	0	0	8.88	9.37	36.04	11.13	11.82	10.43	0	16.32	16.82	19.63	0	0	19.17	8.5	0	14.28	6.03	19.67	0	0	9.43	0	0	0	0	0	5.88	0	61.8	0	0	65.81	0	15.48	41.42	38.35	7.52	112.74	0	0	71.52	97.78	14.93	0	13.92	27.59	0	0	0	38.97	0	0	0	0	0	67.64	0	0	19.1	118.31	17.48	9.56	0	1.67	23.37	11.14	0	0	0	0	0	0	0	2.2
30-33	0	0	0	2.28	0	0	0	1.6	0	0	0	10.79	0	21.73	0	0	4.56	52.62	0	121.05	0	50.87	5.5	222.55	0	3.89	0	15.41	0	4.48	0	14.52	5.36	19.27	0	10.05	0	36.58	7.59	41.67	0	0	0	20.26	0	26.23	6.52	21.24	0	0	0	0	0	36.57	0	0	0	0	0	47.5	217.4	146.73	0	15.24	37.43	57.51	0	128.11	3.03	13.89	56.33	52.07	0	0	0	45.64	0	9.13	11.79	17.28	0	0	0	19.26	0	46.27	0	0	14.95	136.36	0	11.82	20.77	23.51	21.36	0	0	0	0	0	0	2.56	0	0
30-36	0	0	0	1.63	0	0	0	0	0	0	0	22.23	0	10.3	0	0	3.45	97.16	0	242.65	8.89	7.29	19.29	16.36	2.39	3.56	0	34.55	5.68	0	4.27	11.63	15.86	24.49	0	0	26.82	6.82	34.78	16.88	0	0	0	14.42	12.75	24.73	0	12.29	0	0	0	3.09	0	4.51	0	0	0	0	0	59.99	229.56	19.8	0	7.69	21.71	55.43	0	128.41	7.85	0	79.12	32.09	0	0	0	26.74	0	9.61	0	14	0	0	0	32.71	0	34.29	0	0	12.72	111.13	0	30.13	14.24	2.48	27.49	7.95	0	0	0	0	0	0	0	0
30-9	0	0	0	4.09	2.37	0	5.42	3.09	0	0	0	29.31	8.92	9.05	21.34	20.58	11.98	0	0	319.67	21.33	0	11.22	18.97	0	2.93	0	34.59	17.08	11.66	8.74	3.94	18.81	12.19	0	29.1	71.11	0	21.88	13.21	22.33	2.92	0	18.79	17.81	16.69	21.41	15.75	0	0	0	21.11	16.7	0	0	2.19	0	0	0	114.85	582	61.35	19.69	45.24	94.19	76.62	5.91	144.41	70.16	17.02	95.51	6.93	0	9.52	12.94	53.69	39.16	9.18	21.75	0	0	0	0	45.35	0	0	0	0	36.04	188.41	0	19.71	198.19	16.06	28.57	18.03	0	0	0	0	14.64	0	10.85	2.83
32-1	0	0.87	1.04	0	0	0	0	0	0	2.96	2.47	3.7	0	0	0	0	5.69	1504	13.68	817.63	54.7	0	1071	257.14	6.71	23.3	2.7	55.72	13.89	0	13.59	21.08	14.61	53.46	17.71	5.39	11.56	5.46	9.61	9.18	5.75	9.67	7.4	5.78	0	3.58	0	3.35	7.6	0	2.83	0	1.38	0	0	0	0	173.48	0	0	0	0	0	0	139.65	292.85	15.1	216.42	54.7	8.55	192.09	67.62	25.16	38.38	14.34	44.13	12.61	9.82	24.11	10.52	2.3	4.41	3.96	66.7	2.21	0	0	0	56.31	650.58	0	47.17	8.28	0	183.94	12.6	0	4.07	0	0	0	0	0	3.49
32-2	0	2.01	0	0.69	0	0	1.62	0	0	0	1.21	24.03	3.57	0	0	0	11.93	4404	0	1063	133.56	0	3001	72.65	2.53	39.36	2.64	72.5	35.07	0	22.44	15.71	25.13	119.39	13.89	14.19	32.22	3.71	93.98	17.83	0	14.26	5.51	10.53	10.25	4.68	0	0	0	7.26	0	0	0	0	0	0	0	114.1	0	106.92	165.77	0	0	0	93.89	201.5	23.33	196.4	76.28	5.85	176.13	39.58	16.21	31.75	11.13	50.95	8.39	4.58	15.99	5.06	3.47	11.44	4.28	274.22	13.21	0	5.31	0	19.75	345.55	19.36	26.36	29.29	0	133.28	0	0	7.58	4.29	4.14	0	0	0	0
32-5	0	0.79	3.78	0	1.88	0	0	0	0	1.91	5.51	5.27	0	0	0	0	23.24	607.24	15.22	1910	6.77	0	237.08	35.34	3.81	18.22	1.62	54.07	12.74	0	3.6	16.02	2.15	39.5	29.93	0	18.7	0	3.42	3.97	7.34	6.86	19.03	0	7.74	0	0	3.95	0	2.12	0	0	0	0	0	0	0	156.39	202.25	0	0	0	0	0	71.95	195.71	5.18	188.15	33.6	13.49	107.76	55	17.47	19.02	78.8	38.9	8.38	4.31	16.36	8.1	0	3.57	19.48	212.24	5.61	0	1.73	0	15.7	392.36	8.08	26.63	0	0	128.33	14.83	4.26	0	6.94	0	0	0	0	0
32-8	0	0.82	0.42	0	0	0	0	0	0	0	3.2	2.99	0	0	0	0	40.56	279.54	0	1577	7.74	0	119.91	276.39	3.94	24.85	1.89	51.95	25.86	0	0	45.89	49.43	168.17	11.02	1.47	101.69	0	0	199.79	0	3.23	6.07	0	3.88	0	0	0	0	0	2.81	0	0	0	0	0	0	0	61.22	0	0	0	0	0	110.83	190.5	23.43	371.06	62.46	4.44	9.78	92.09	5.81	22.42	24.91	87.12	6.57	7.47	0	10.5	0	1.44	0	385.53	0	0	0	0	10.16	359.84	0	11.7	0	0	0	25.57	0	0	0	0	0	0	0	0
504849	0	0	5.25	0	0	0	0	0	11.18	14.8	18.92	45.15	0	0	1.53	0	53.79	1081	28.76	4531	47.64	12.51	61.72	45.85	11.37	24.74	7.84	90.25	18.91	0	19.49	27.18	67.46	101.53	42.96	25.32	43.8	29.86	103.57	50.8	18.33	25.23	24.62	14.29	0	15.96	15.87	10.56	11.97	27.34	28.07	0	3.43	17.39	8.88	0	69.36	156.43	74.7	89.3	23.04	100.88	55.7	0	99.35	124.78	37.22	365.65	58.99	27.05	152.16	133.68	59.74	62.72	48.87	204.63	0	33.73	56.83	45.11	5.2	22.91	11.96	145.9	5.96	3.87	0	0	45.07	246.57	23.43	90.93	21.1	13.67	140.69	18.55	6.94	9.46	12.83	1.93	0	3.09	1.47	0
504853	0	0	0	0	0	0	0	0	0	0	0	51.14	0	0	0	0	15.76	0	0	3702	0	0	0	7.28	0	5.19	0	75.9	12.04	0	0	12.98	110.54	107.26	0	5.41	90.42	0	152.39	62.4	0	0	0	0	0	0	0	0	0	0	0	1.43	0	0	0	0	0	0	0	44.49	0	0	0	0	63.77	56.04	1.44	487.64	86.93	0	110.5	68.77	0	0	0	479.73	0	0	0	5.62	0	0	0	172.57	0	0	0	0	22.42	113.22	0	99.44	5.49	0	42.48	0	1.09	0	0	19.8	0	0	0	0
504948	0	0	0	0	0	0	0	0	0	0	0	59.27	0	0	0	0	0	808.59	0	7271	26.85	0	99.03	0	3.3	9.03	0	69.8	13.66	0	5.99	20.67	826.44	987.44	39.71	61.94	511.07	5.55	880.16	513.91	12.39	0	0	0	0	0	8.41	0	0	0	0	0	0	0	0	0	0	0	0	110.44	0	0	0	0	130.57	253.61	4.66	241.34	105.53	0	164.17	119.87	2.99	38.53	0	282.53	0	0	30.39	28.8	0	0	0	213.14	1.6	0	0	0	77.37	267.28	12.79	137.52	17.48	0	165.91	20.31	2.79	0	0	0	0	0	0	0
504949	2.93	2.73	3.76	1.9	3.09	2.19	3.9	2.64	6.6	10.86	9.23	11.22	6.2	7.14	5.77	5.87	8.5	0	0	967.24	0	0	440.4	0	6.45	7.94	2.62	48.58	7.78	2.43	6.89	9.5	48.76	62.77	22.95	14.47	29.51	11.78	164.67	31.09	7.11	0	6.94	3.94	4.22	0	9.8	7.37	0	18.35	3.59	0	0	0	0	0	62.22	73.89	65.02	71.2	63.7	60.09	115.12	50.68	90.29	129.65	14	241.82	26.08	11.7	124.03	60.78	41	41.49	0	77.91	0	0	42.31	0	13.72	11.17	10.19	80.54	3.08	13.23	0	24.17	0	0	0	0	0	0	0	0	7.98	6.99	6.14	3.63	8.37	3.82	7.44	2.46
504954	2.69	2.1	2.39	0	4.08	0	7.05	3.42	0	0	0	85.82	0	0	0	1.86	847.04	274.43	268.45	4695	1905	0	3829	3036	20.44	63.5	9.66	174.99	93.14	2.81	40.05	116.49	2554	2422	355.82	148.77	1677	202.66	2524	1942	128.25	45.85	16.27	22.37	46.7	9.11	53.63	107.51	0	0	0	2.36	0	0	0	0	0	0	0	0	0	0	79.15	0	322.94	554.5	45.51	271.8	368.17	12.4	436.25	516.83	131.86	148.63	6.19	474.69	91.3	0	162.72	297.33	10.46	8.33	17.15	184.41	0	0	7.04	21.51	144.94	363.05	5.43	97.33	19.25	8.02	422.99	126.27	0	0	0	0	0	0	0	0
505048	3.79	3.12	3.9	0.98	5.94	0	14.72	4.23	7.71	7.74	8.7	27.47	10.1	2.91	23.18	4.7	0	55.58	0	541.12	0	0	332.41	39.05	7.67	15.55	3.52	41.87	17.9	1.05	24.53	33.71	593.33	729.72	56.99	26.37	429.77	18.55	1783	818.5	17.43	5.31	6.92	0	8.19	0	42.84	21.69	0	5.5	0	0	18.83	0	57.55	0	71.27	84.26	48.92	68.12	68.19	61.88	297.19	67.79	115.43	190.94	21.62	103.75	93.93	5.94	353.27	250.69	0	40.52	0	51.2	0	0	63.16	0	1.79	2.48	12.72	58.55	7.63	0	24.72	13.53	0	0	0	0	0	0	0	0	10.44	7.59	9.41	6.02	11.44	0	13.67	7.64
505049	2.37	4.64	3.77	2.61	5.16	0	2.8	1.7	7.84	7.29	9.13	62.98	8.4	4.14	3.13	5.56	0	0	0	1546	14.13	0	1666	36.06	5.38	6.07	2	37.59	9.4	0	7.76	11.97	18.82	22.67	12.06	9.49	21.72	4.92	11.21	20.42	4.13	0	0	0	15.62	0	0	0	0	0	0	0	14.62	0	0	0	81.21	67.54	52.62	63.75	78.46	0	103.38	40.61	78.38	97.74	14.27	157.01	26.35	12.03	103.64	107.19	0	39.98	0	62.49	0	0	50.15	0	9.33	0	16.76	94.33	16.1	0	1.65	8.24	0	0	0	0	0	0	0	0	4.19	5.14	6.61	8.51	8.61	0	0	3.84
505050	1.77	0	1.61	1.12	1.56	0	1.31	0.65	3.42	2.57	4.26	29.41	3.56	0	3.6	5.24	16.82	690.66	6.82	2042	13.83	0	79.49	59.13	8.06	7.91	2.43	89.66	4.34	0	7.23	2.68	27.29	16.44	13.22	9.55	9.12	0	35.29	16.16	10.1	9.56	7.53	1.47	11.54	0	6.15	2.64	13.84	9.99	7.94	7.87	7.63	0	6.82	7.25	164.64	73	0	0	0	0	0	0	45.34	0	15.62	189.37	32.53	5.75	94.14	54.72	52.85	60.81	16.25	133.63	43.88	1.19	22.66	22.78	2.26	7.83	3.67	78.89	9.31	1.39	6.77	0	0	38.55	0	84.55	21.43	0	143.05	0	0	1.56	4.95	2.18	8.32	0	3.99	2.31
505054	8.37	4.05	10.79	3.08	0	0	0	0	18.29	22.92	32.01	41.97	20.63	0	13.93	9.72	59.69	187.22	46.69	2384	59.94	3.99	117.37	24.92	19.74	27.23	10.04	102.14	27.77	0	26.37	35.86	125.18	139.24	70.49	31.81	94.88	15.82	149.76	92.89	29.54	26.08	33.14	19.82	21.82	11.13	19.42	22.92	23.75	32.58	43.7	10.95	16.76	7.54	13.14	17.67	112.65	145.26	199.94	113.7	57.07	27.38	72.81	174.6	133.26	189.08	55.68	263.49	69.89	28.21	232.45	176.7	98.07	97.27	84.13	223.93	50.63	15.39	60.74	85.08	24.8	22.87	43.02	101.56	15.59	0	15.42	15.93	85.68	598.46	44.91	108.45	22.75	8.84	206.82	47.53	16.99	12.98	17.51	6.64	8.43	3.12	13.79	3.6
505057	0.37	0.76	0	0	0.7	0	1.92	0	0	0	0	33.85	0	0	0	0	218.82	6.69	0	4335	5.64	0	638.87	31.3	7.03	12.31	0	106.06	20.83	0	15.62	38	537.38	494.59	25.62	19.6	458.65	3.6	706.32	508.25	60.48	0	0	0	6.19	0	23.77	29.54	0	0	0	0	0	0	1.02	0	0	25.86	0	0	15.49	0	58.17	0	255.02	361.39	12	257.79	0	4.11	294.56	255.62	91.54	91.38	0	237.67	23.11	0	141.64	124.74	3.51	0	0	118.91	2.35	0	0	0	137.12	426.35	0	129.28	22.35	0	357.75	36.18	1.19	1.94	0	0	0	0	0	0
505149	0	0	0	0	0	0	0	0	0	0	0	35.2	0	0	0	0	0	0	0	3664	0	0	4.03	0	3.08	6.39	0	69.8	5.44	0	7.44	9.5	12.17	58.54	5.29	2.14	21.67	0	74.03	26.38	0	0	0	0	0	0	0	0	0	0	1.18	0	1.93	0	0	0	0	0	0	10.97	0	0	0	0	115.42	181.48	5.02	349.44	104.13	0	242.82	111.91	0	0	0	330.21	3.49	0	23.13	0	0	0	0	107.83	0	0	0	0	5.24	65.78	0	60.38	3.08	0	27.23	0	1	0	0	0	0	0	0	0
505150	4.75	5.6	7.36	0	4.9	0	0	0	12.97	20.14	28.11	165.88	19.22	0	7.68	12.66	107.06	36.29	38.58	1520	40.06	3.78	237.23	87.81	12.98	20.75	9.76	63.98	16.71	0	15.44	29	62.42	83.21	60.99	40.26	62.03	3.16	46.5	59.38	26.16	25.07	27.18	26.23	22.44	0	14.61	24.63	20.04	27.39	35.44	18	21.46	2.75	8.92	20.47	22.16	193	199.52	119.78	80.93	27.16	55.15	57.35	65.88	123.04	39.25	174.98	51.85	12.68	151.24	122.24	20.28	65.1	90.74	176.44	43.72	30.84	65.34	75.92	25.37	26.01	32.35	117.1	13.44	0	5.7	10.78	52.72	319.94	26.35	84.11	21.16	0	169.95	39.64	11.42	11.22	17.28	13.32	9.93	0	6.01	4.43
505349	0	0	0	0	0	0	0	0	0	0	0	0	0	0	0	0	0	0	0	0	0	0	0	0	0	0	0	0	0	0	0	0	0	5.36	0	0	0	0	0	0	0	0	0	0	0	0	0	0	0	0	0	0	0	0	0	0	0	0	0	0	0	0	0	0	19.06	20.52	0	1.65	6.96	0	45.9	0	37.28	0	0	0	0	0	0	0	6.18	0	0	0	0	0	0	0	2.83	15.43	0	0	0	0	57.47	0	0	0	0	0	0	0	0	0
505350	0	0	0	0	0	0	0	0	0	0	0	45.58	0	0	0	0	8.28	88.39	0	7609	0	0	3.99	6.96	5.13	15.07	0	214.04	39.72	0	7.1	48.62	241	353.84	0	3.89	283.01	3.3	331.65	346.4	0	0	0	0	0	0	0	3.06	0	0	0	0	0	0	0	0	0	0	0	0	0	0	0	0	87.35	209.93	7.71	505.16	139.73	8.97	131.78	244.4	0	15.41	32.64	450.63	0	0	0	42.65	0	0	0	108.17	0	0	0	0	6.81	186.49	0	64.86	0	0	29.73	0	0	0	0	0	0	0	0	0
505452	2.56	3.52	3.9	1.21	4.45	1.2	3.17	3.01	9.28	9.41	7.75	48.14	6.59	2.48	6	5.05	21.07	140	5.98	1959	0	0	1368	4.68	14.93	26.87	4.11	73.01	20.95	1.99	33.76	28.18	51.41	66.92	18.5	5.97	30.57	6.93	64.19	38.2	6.38	3.05	0	0	8.92	0	0	0	0	0	0	0	34.08	0	0	0	65.47	95.25	47.01	70.12	96.8	55.22	63.39	0	184.41	253.24	19.98	374.84	68.86	6.43	347.43	201.4	47.22	48.13	0	113.87	0	0	53.24	43.93	7.32	8.7	4.19	163.17	17.2	0	2.1	0	0	0	0	0	0	0	0	0	6.61	10.47	7.21	7.13	5.9	7.85	7.13	5.98
505459	17.19	13.29	15.3	6.71	13.59	4.7	9.26	5.28	36.9	55.66	40.86	47.46	36.93	22.12	23.47	21.46	94.13	137.43	80.21	6674	77.05	33.04	710.67	246.84	20.36	65.64	23.9	153.18	43.71	10.15	36.73	79.01	320.76	602.55	100.82	80.34	313.23	59.32	550.53	838.62	32.98	41.96	35.74	25.87	40.98	21.62	29.53	34.19	46.06	39.59	50.51	25.82	41.62	30.72	26.02	27.35	251.23	279.87	350.03	190.58	183.54	123	172.45	124.23	136.33	336.95	68.88	395.83	149.43	42.88	272.85	301.46	133.7	0	115.89	270.1	125.73	68.96	133.92	135.35	50.98	0	48.93	199.5	45.88	17.27	22.16	37.19	102.06	325.36	54.46	95.75	65.12	23.62	147.52	47.82	25.07	0	23.89	16.08	19.17	6.75	12.27	13.69
505551	0	0	0	0	0	0	15.05	0	0	6.52	14.36	51.05	1.42	0	17.23	0	7.3	14.85	20.51	1166	7.54	0	13.74	0	9.27	8.87	0	66.66	10.56	0	18.55	7.93	38.58	40.55	26.28	2.91	25.08	0	35	23.08	17.66	21.44	21.34	0	16.79	0	16.63	15.91	15.43	11.49	15.61	6.1	14.65	0	11.27	12.76	60.61	94.11	106.9	55.24	48.7	0	0	0	68.78	126.4	22.87	225.87	33.78	14.47	117.72	57.47	26.15	28.78	41.43	168.38	23.19	0	63.49	35.57	2.88	1.3	8.18	117.75	15.2	0	15.42	3.19	28.14	172.94	5.35	85.34	11.98	0	118.09	8.22	1.28	4.36	1.8	0	0	0	6.05	0
505556	0	0	0	0	0	0	0	0	0	0	0	14.81	0	0	0	0	0	48.66	0	5778	0	0	913.62	52.79	5.2	25.87	0	205.85	25.79	0	16.39	72.13	62.81	231.11	0	0	34.67	0	207.91	45.38	0	0	0	0	0	0	0	0	0	0	0	0	0	0	0	0	0	0	0	0	0	0	0	0	84.04	39.11	3.06	745.28	47.69	1.97	142.31	124.24	0	0	0	416.25	0	0	0	5.53	0	0	0	80.14	0	0	0	0	8.07	421.87	0	57.27	0	0	80.29	0	0	0	0	0	0	0	0	0
505748	9.29	12.4	24.13	0	8.83	0	5.18	2.86	32.28	43.06	57.01	75.45	26	13.63	18.98	16.95	60.13	61.26	154.42	2932	41.05	21.99	155.46	51.52	15.21	26.27	32.4	110.04	28.88	4.9	20.72	34.81	76.91	129.35	126.09	29.57	84.82	25.02	55.13	58.01	33.77	37.49	52.59	11.79	31.25	19.87	21.49	15.73	39.9	43.27	75.13	20.9	34.73	19.63	22.79	24.68	142.52	322.73	507.58	112.05	167.59	86.94	154.17	105.67	87.87	144.34	80.19	321.76	67.36	34.83	139.26	100.2	97.23	130.77	161.42	229.33	79.24	44.91	80.94	81.16	31.59	47.25	71.88	136.88	22.99	6.34	25.57	16.23	67.55	301.21	89.29	70.33	35.13	13.8	128.92	29.71	15.76	22.95	33.18	15.95	15.56	5.59	9.72	5.72
505749	1.2	0	0	0	0	0	0	0	0	0	0	198.4	0	0	0	0	6.07	815.42	0	10396	14.22	0	1641	0	7.78	33.38	2.48	324.25	24.93	0	20.38	36.77	152.04	251.45	4.62	5.67	94.95	0	222.35	67.14	7.17	0	0	0	0	0	4.85	0	0	0	0	0	0	0	0	0	0	0	0	295.39	0	0	0	0	166.28	354.99	13.42	665.17	65.34	11.49	235.27	127.92	85.58	72.06	0	484.13	0	0	46.12	36.47	0	0	0	183.67	0	0	0	0	16.03	400.36	0	201.36	13.15	0	299.74	12.15	0	0	0	1.42	0	0	0	0
505750	2.96	6.39	6.34	0	2.88	0	1.77	1.58	6.15	2.86	26.13	18.58	7.17	0	0	3.02	18.95	10.75	2.12	2219	18.78	0	406.37	515.78	5.98	7.91	10.23	132.66	13.13	0	0	17.53	247.94	206.45	36.41	6.88	116.74	3.45	468.27	163.41	10.45	6.81	14.6	3.88	17.66	1.63	4.87	4.55	4.74	9.7	33.14	0	12.1	1.43	7.75	5.73	0	84.86	0	28.95	0	0	0	0	89.54	57.77	25.06	0	7.44	2.2	164.2	115.32	10.77	19.22	0	506.01	17.62	1.01	5.28	16.69	1.65	1.76	4.3	0	31.68	0	0	17.72	27.1	0	0	0	0	0	0	5.63	3.31	13.04	10.61	5.57	2.73	0	4.15	3.35
505751	0	0	0	0	0.35	0	1.02	0	0	0	0	78.08	0	0	0	0	0	1047	0	3405	303.59	0	0	946.1	2.79	29.28	0	79.11	40.55	0	18.46	52.9	268.74	603.4	16.44	8.64	291.03	0	548.01	230.95	9.07	5.19	0	0	0	0	13.44	6.91	0	0.89	0	0	1.14	0	0	1.61	0	0	0	0	32.03	0	6.17	14.38	180.1	339.51	21.86	347.42	175.66	8.01	471.17	263.37	42.18	177.62	0	437.67	62.76	0	204.02	148.01	0	0	0	125	6.07	0	0	0	29.51	264.81	0	169.84	31.86	0	288.57	33.45	0	1.95	0	1.28	0	0	0	0
505756	0.5	0.63	0.77	0	1.86	0	4.93	0.4	7.86	16.47	2.15	112.99	8.1	0	11.83	2.6	1906	3134	2889	3231	0	0	0	0	13.63	22.7	27.28	55.75	60.4	0	23.19	40.77	524.96	520.83	90.22	28.11	733.79	6.26	576.95	219.5	33.12	0	0	6.11	32.62	15.14	0	11.36	0	0	0	0	1.21	0	1.08	0	39.93	309.79	0	92.33	42.36	0	162.4	0	1737	904.83	437.18	236.46	1091	184.08	791.16	474.76	703.52	503.66	323.95	417.27	492.67	93.59	570.27	347.38	32.03	9.07	20.38	208.4	190.36	0	40.37	63.37	191.64	856.7	11.05	70.37	113.36	0	604.29	122.61	0.64	0	1.1	1.71	0.7	0	0	0
514851	0	0	0	0	0	0	0	0	0	0	0	23.45	0	0	0	0	43.14	0	0	1749	0	0	383.03	0	0	0	0	103.87	3.82	0	3.54	6.35	153.35	102.59	2.69	2.84	59.1	0	121.93	104.19	0	0	0	0	0	0	0	0	0	0	0	0.86	0	0	0	0	0	0	0	0	0	0	0	0	73.77	99.87	17.22	268.77	45.69	0	112.85	99.3	4.4	0	0	217.66	0	0	0	5.74	0	0	0	39.32	0	0	0	0	48.48	214.78	0	100.1	4	0	215.12	17.75	0.77	0	0	0.91	0	0	0	0
514855	1.81	4.38	1.87	0	2.77	0	1.43	0.56	2.37	5.99	4.06	41.28	2.07	1.25	1.85	0	135.37	54.65	12.27	324.51	14.64	0	373.97	6.23	3.01	6.84	3.45	68.66	5.3	0	6.78	8.7	56.66	103.86	31.23	5.57	32.24	0	93.38	25.04	8.18	18.49	7.13	9.14	3.02	16.28	5.78	4.17	2.75	1.8	11.95	0	7.15	1.12	6.61	3.8	45.39	56.53	107.55	0	0	0	0	0	80.89	0	22.56	205.08	55.38	0	123.28	88.45	76.74	0	18.4	114.2	162.87	0	37.36	20.91	5.53	14.99	8.97	90.69	4.05	0	1.49	6.52	36.77	511.75	8.28	75.33	5.2	0	151.39	7.6	0	0	2.42	0	8.74	1.39	4.37	3.53
514857	0	0	0	0	0	0	0	1.24	0	0	0	26.5	0	0	0	0	440.49	0	0	10822	6.67	0	1127	42.6	6.38	27.28	0	300.67	38.53	0	23.91	60.13	375.39	579.96	0	61.18	362.49	16.71	679.3	481.89	18.76	17.55	0	10.68	15.78	0	15.43	27.33	0	0	0	0	0	0	0	0	0	0	0	0	0	0	0	0	69.84	240.97	2.68	612.02	127.28	5.49	317.64	374.94	8.9	38.61	0	480.25	0	0	42.04	79.93	7.99	3.6	0	134.5	0	0	3.19	12.56	5.29	208.93	0	92.82	8.81	0	125.76	34.13	0	0	0	0	0	0	0	0
514957	4.49	6.26	6.77	2.56	4.92	2.25	5.97	4.2	9.51	13.31	8.72	60.24	6.71	5.43	9.66	7.95	13.15	75.94	0	1104	7.67	0	28.6	100.87	6.08	8.92	4.5	55.3	13.48	1.36	8.77	18.4	37.33	72.72	20.85	29.61	38.75	7.68	54.48	38.25	5.2	8.86	0	0	5.84	0	12.31	0	0	17.7	15.08	23.03	0	0	28.89	21.24	52.54	77.39	55.71	103.12	61.31	62.68	99.76	89.64	69.37	114.59	13.55	212.85	25.3	9.13	129.46	90.59	0	0	0	72.85	0	0	43.39	0	5.66	18.44	18.83	60.86	5.89	0	20.66	12.49	0	0	0	0	0	0	0	0	6.04	8.13	5.52	9.83	6.61	0	8.09	10.91
515050	4.72	4.21	2.88	1.25	0	3.19	7.3	2.71	9.9	22.94	12.68	66.05	11.73	0	25.61	2.17	10564	1926	28.05	6008	1662	20.88	0	7550	21.07	33.35	7.74	92.95	30.96	16.4	0	80.4	840.66	876.98	81.83	60.02	566.63	47.48	1080	868.39	91.81	46.04	16.4	20.48	45.19	14	0	79.54	11.49	8.74	13.91	6.01	7.08	4.37	24.72	14.78	7.12	114.96	0	100.04	0	0	128.78	159.24	182.27	319.74	59.07	198.01	186.68	23.22	340.15	350.42	130.14	141.92	10.81	190.73	1.35	0	195.06	223.95	56.64	18.61	31.06	192.53	24.46	4.3	41.04	33.46	224.34	756.78	0	162.32	148.99	0	0	0	13.97	4.99	16.44	4.05	13.2	0	0	1.71
515055	2.13	3.76	2.91	3.3	3.95	0	1.16	2.03	3.11	11.83	11.05	55.41	3.86	0	4.11	2.98	128.45	149.6	0	832.66	0	0	453.32	56.59	6.21	15.79	3.73	49.99	10.82	0	13.44	12.56	28.18	107.36	16.32	2.94	23.86	7.5	83.11	43.53	0	9.87	0	0	0	0	0	0	0	12.54	0	0	0	0	0	0	44.28	101.69	48.6	44.64	52.15	43.58	67.22	0	127.68	244.17	25.2	189.55	40.98	20.84	218.46	83.55	0	40.12	0	62.03	0	0	40.69	0	9.15	13.99	15.17	80.01	10.08	0	0	0	0	0	0	0	0	0	0	0	4.64	6.22	7.63	6.14	7.37	2.35	0	1.92
515056	0	0	0	0	0	0	0	0	0	0	0	219.8	0	0	0	0	397.12	2523	0	11500	21	0	735.2	1277	5.38	19.79	15.26	90.2	6.68	0	5.9	12.4	130.72	406.36	103.16	4.07	27.25	0	157.19	22.31	9.54	8.58	0	0	0	0	0	0	0	0.85	0	0	0	0	0	0	0	21.83	0	49.8	0	0	0	0	143.05	271.61	62.78	284.26	25.76	8.96	149.34	54.97	39.55	92.62	0	340.03	0	0	10.9	0	0	0	0	138.27	0	0	0	0	29.63	249.34	0	133.19	0	0	66.53	7.7	1.39	0.79	0	1.24	0	0	0.62	0.73
515057	14.41	13.11	15.83	0	14.09	0	12.79	11.24	28.69	28.23	35.76	50.74	27.29	6.31	23.25	19.74	218.55	648.42	52.85	3688	84.17	10.05	838.69	2091	27.74	49.33	19.28	82.85	51.99	0	27.48	78.88	646.19	933.92	123.93	89.9	489.53	48.74	405.08	949.5	67.84	49.34	37.96	29.73	42.94	17.69	31.76	77.08	45.67	32.37	43.54	26.26	27.21	14.41	24.31	26.7	262.31	168.36	265.84	143.07	64.36	38.7	125.9	141.42	187.03	363.15	59.87	279.46	199.67	11.45	157.26	450.72	156.97	156.51	104.24	231.55	107.84	29.85	114.75	228.56	49.87	36.64	28.21	125.52	26.33	11.02	21.43	58.06	90.24	636.05	51.63	47.96	53.75	25.85	108.34	58.66	51.26	34.6	17.05	11.89	14.24	1.98	14.01	9.22
515149	2.18	2.8	2.47	0	1.73	0.62	0	1.66	2	3.64	5.84	26.83	1.23	0	1.86	2.86	3.77	14.51	15.43	425.92	9.89	0	20.54	1.78	4.4	16.1	2.5	82.69	8.13	0.9	6.93	5.31	42.89	57.22	26.47	0	54.74	3.36	39.54	35.85	11.22	0	12.77	10.5	5.32	1.7	9.36	1.04	5.68	8.44	10.28	10.55	7.18	3.15	18.27	3.3	0	75.38	37.01	0	0	0	0	0	27.69	92.27	12.29	262.34	25.53	2.1	90.51	45.35	6.69	55.55	4.31	14.63	34.3	0	43.65	5.37	7.07	5.59	9.36	43.37	0	0	10.13	4.56	5.61	182.3	26.04	8.98	20.73	0	94.15	5.6	2.13	1.82	4.23	0	2.29	1.72	3.86	0
515152	3.4	6	4.71	2.03	3.77	0	5.96	2.55	6.07	11.05	7.18	45.29	6.62	0	4.1	3.41	642.19	2232	0	1212	239.69	0	2353	580.74	9.95	20.39	3.59	40.41	14.96	0	24.38	25.15	881.23	778.12	403.98	337.83	689.36	128.73	1514	468.03	52.73	45.73	22.92	31.05	31.91	0	75.85	25.78	0	0	0	0	24.28	0	0	0	65.54	69.97	45.62	55.38	69.36	0	67.24	39.78	122.44	228.31	38.74	122	48.31	11.6	327.42	176.13	43.64	0	0	57.29	0	0	59.32	42.52	14.34	56.77	6.5	104.04	20.69	0	77.22	0	0	0	0	0	0	0	0	0	5.1	22.5	10.92	4.12	4.16	0	0	2.77
515155	4.25	5.51	4.19	2.68	5.17	2.04	3.97	4.13	6.48	14.95	13.59	57.08	9.23	4.74	10.71	8.04	266.04	153.86	0	1229	7.76	0	66.6	47.77	7.26	19.78	2.85	52.15	27.18	1.73	18.48	23.76	214.39	417.99	61.06	41.27	246.48	35.66	629.41	262.95	12.87	25.92	4.22	7.24	18.81	0	23.18	6.7	0	10.29	0	0	0	0	0	0	61.08	76.79	60.71	96.66	70.65	40.02	69.08	92.05	87.71	255.82	17.54	235.91	87.76	9.34	253.63	151.39	0	50.68	0	80.98	42.12	0	44.79	39.43	6.49	12.43	12.07	105.91	12.45	0	18.14	0	0	0	0	0	0	0	0	0	6.3	8.25	9.38	6.92	9.67	3.33	7.2	5.01
515157	0	0	0	1.34	0	0	0	0	0	0	0	145.03	0	0	0	0	0	608.52	0	3076	7.5	0	765.68	126.23	1.79	4.18	0	116.95	6.5	0	4.32	13.08	6.78	40.4	0	9.4	20.81	0	28.47	40.41	0	0	0	0	0	0	0	3.6	0	3.79	0	0	0	0	0	0	0	244.58	0	0	0	0	0	0	41.88	91.06	5.44	344.79	15.66	6.94	74.38	52.77	0	22.6	0	294.28	0	0	37.13	14.65	0	0	7.99	97.43	0	0	0	9.25	4.24	247.37	0	74.16	0	0	49.13	4.15	0	0	0	0	0	0	0	0
515249	3.01	2.92	2.88	1.7	2.74	0	2.04	2	5.18	5.3	5.48	16.31	8.64	1.38	2.35	4.94	0	0	0	4259	0	0	0	0	10.41	15.03	2.59	81.25	15.69	0	10.73	16.93	108.94	119.66	21.71	50.25	83.18	15.22	177.05	93.42	3.51	3.62	0	5.47	0	0	0	0	0	0	0	0	0	0	0	0	0	55.38	57.79	0	46.18	0	49.91	60.27	106.77	138.71	17.27	378.09	30.05	6.61	151.86	63.69	0	0	0	68.76	0	0	0	0	0	0	10.83	158.66	3.5	0	0	0	0	0	0	0	0	0	0	0	0	4.96	0	7.28	0	0	0	4.67
515250	0.92	1.69	2.28	2.43	2.69	0.62	4.81	1.32	1.45	6.21	4.95	26.73	6.02	1.33	4.52	3.27	17.76	20.14	3.76	1821	27.06	0	953.91	34.95	4.59	5.94	3.08	69.27	9.96	0.54	0	8.23	22.33	36.34	26.19	7.21	36.22	4.38	59.69	25.66	9.23	6.78	8.02	4.36	9.7	6.18	0	10.44	5.26	15.84	10.1	2.47	13.99	0.92	13.1	17.81	0	114.43	161.3	0	0	0	0	0	47.18	76.51	12.92	194.16	19.84	2.71	106.49	54.18	21.18	36.4	30.96	113.96	0	6.23	0	0.52	3.34	6.9	9	48.84	36.28	0	4.09	2.47	32.82	328.88	7.16	39.37	3.91	0	63.53	19.04	3.3	5.86	0	2.48	3.23	2.3	0	28.36
515251	2.47	3.3	0.81	1.85	1.61	0	1.56	2.15	7.85	8.76	5.96	16.63	9.03	1.26	1.25	9.96	13.81	22.55	11.42	1546	15.38	0	5.61	10.25	5.32	6.37	2.65	47.92	3.71	0.5	4.56	8.18	135.92	70.11	32.41	13.07	32.96	2.59	69.06	74.84	4.47	7.75	4.33	11.35	12.6	0	7.64	14.47	1.47	7.93	14.5	0	6.95	4.7	16.63	8.95	74.69	0	104.84	0	32.4	0	0	0	30.47	65.31	5.96	167.52	28.01	0	45.5	34.13	35.3	0	26.98	102.64	25.41	4.82	2.51	30.65	0	0	7.29	38.43	3.93	0	3.87	3.1	22.68	202.02	8.2	24.05	9.43	0	44.49	12.22	0	2.62	6.23	2.61	2.76	0	6.55	5.59
515255	5.42	3.96	5.67	0	0	0	0	0	14.89	22.81	15.53	41.7	11.81	0	3.01	0	294.67	1564	27.76	2549	38.71	0	2628	539.77	18.51	43.19	14.17	89.73	36.53	0	29.54	48.29	77.64	129.13	40.43	30.72	65.57	0	70.22	54.89	26.48	22.85	23.21	13.57	22.89	0	14.96	17.83	20.23	22.02	20.56	7.4	13.8	0	13.69	8.49	89.3	178.06	143.41	44.3	38.5	0	103.21	44.59	211.38	252.73	44.59	195.57	74.61	30.39	297.24	230.77	131.69	147.93	48.93	184.13	47.01	1.74	130.29	145.82	22.99	23.5	25.23	226.36	15.36	0	4.53	39.38	80.78	534.13	25.76	98.84	27.25	0	281.59	47.43	7.13	9.49	9.74	7.09	4.12	0	7.26	0
515350	5.11	6.35	5.41	2.48	6.5	2.22	5.05	4.49	9.49	13.87	11.56	7.46	13.33	4.75	9.84	12.55	12.17	15.11	10.97	0	38.82	0	59.94	8.11	6.62	4.85	4.66	3.42	5.59	1.28	8.74	4.35	61.62	76.39	28.84	19.75	47.54	8.1	141.79	40.38	6.83	9.45	5.24	0	12.17	0	15.24	7.05	0	6.14	7.47	0	22.79	0	32.24	17.19	62.18	69.68	74.97	55.03	66.32	60.33	76.24	81.4	71.97	38.73	13.56	13.86	18.81	8.87	113.09	19.28	0	0	0	0	0	0	42.54	40.64	17.14	21.88	17	1.55	14.02	0	13.23	7.98	0	0	0	0	0	0	0	0	8.76	10.23	7.24	2.58	8.94	0	9.23	4.46
515353	0	0	0	0	0	0	0	0	0	0	0	54	0	0	0	0	0	440.59	0	8972	0	0	51.05	24.48	2.86	6.5	4.36	156.07	5.97	3.16	6.82	7.78	27.31	50.38	40.29	35.52	36.76	14.38	106.07	29.57	0	3.87	0	0	0	0	2.91	0	0	0	0	0	0	0	0	0	0	0	0	0	0	0	0	0	69.87	162.16	39.82	482.39	36.17	29.9	145.53	57.02	0	5.78	0	373.65	0	0	46.33	2.68	0	0	0	131.6	0	0	0	0	13.59	237.82	0	171.7	16	0	101.15	4.85	0	0	0	0	0	0	0	0
515357	12.43	8.24	5.48	4.51	11.95	0	8.26	9.48	25.89	30.85	34.91	78.26	26.03	0	21.62	22.43	35.75	58	56.17	2190	112.63	4.97	582.19	39.38	23.09	30.11	14	72.18	37.52	0	28.43	50.37	284.27	290.71	77.91	64.83	212.35	20.6	432.85	374.04	39.47	32.25	30.71	26.57	34.96	7.5	34.34	50.01	27.92	29.9	44.92	20.97	27.3	7.04	25.01	22.16	169.32	246.14	269.05	147.1	136.48	24.03	111.23	169.45	137.43	181.28	46.66	238.27	140.47	18.25	242.58	283.44	85.65	105.72	84.11	198.73	66.99	24.1	101.3	144.66	21.63	36.01	24.77	67.86	27.23	0	11.83	13.05	62.61	175.43	50.32	77.24	51.46	7.57	132.65	84.81	16.9	12.78	14.17	20.18	17.72	0	12.21	26.11
515450	2.97	3.77	2.53	2.4	2.54	0	2.4	1.71	2.83	12.76	6.88	9.46	7.38	2.03	3.17	0	152.49	25.39	11.47	11023	17.67	0	669.6	134.37	8.77	21.71	11.97	104.15	8	3.45	9.06	18.02	264.61	339.44	155.41	129.29	118.73	81.86	283.48	178.33	17.79	21.11	14.61	16.14	7.13	3.83	10.61	15.99	3.74	13.68	12.84	4.09	7.53	2.84	1.78	6.13	0	240.36	81.52	62.08	0	0	67.36	0	98.39	168.31	52.7	210.02	51.01	33.22	138.38	124.15	37.16	0	29.12	173.8	32.57	5.21	24.39	120.75	3	22.22	8.92	197.08	2.39	0	14.61	33.85	45.8	358.38	21.32	214.84	27.9	4.4	224.18	16.44	2.27	5.81	3.65	0	6.55	1.43	4.95	3.12
515550	0	0	0	0	0	0	0	0	0	0	0	13.12	0	0	0	0	0	0	0	3294	27.75	0	45.99	6.11	3.27	23.07	3.3	155.38	26.87	0	7.88	22.23	9.57	118.88	3.27	0	77.62	0	36.57	0	0	0	0	0	0	0	0	0	0	0	0	0	0	0	0	0	0	0	0	0	0	0	0	0	64.66	160.6	6.68	494.47	82.62	2.66	154.42	84.07	0	0	0	399.77	0	0	9.36	2.8	0	0	0	131.01	0	0	0	0	0	195.83	0	59.59	0	0	59.61	0	0	0	0	0	0	0	0	0
515652	0	0	0	0.58	0	0	0	0	0	0	0	57.46	0	0	0	0	0	1023	0	4564	0	0	80.7	74.66	3.45	5.96	0	254.47	2.56	0	3.23	11.58	364.04	423.65	4.89	15.43	81.36	0	190.08	299.33	0	0	0	0	0	0	0	0	0	0	1.73	0.96	0	0	0	0	0	46.72	0	46.05	0	0	0	0	86.23	181.65	9.16	1048	18.35	1.81	68.31	100.37	0	32.48	0	497.84	0	0	0	0	0	0	0	100.35	0	0	0	0	20.08	196.35	0	67.75	33.49	0	42.06	0	0	0	0	0	0	0	0	0
515654	3.79	5.82	7.45	0	0	0	0	0	17.16	21.65	27.13	56.32	14.02	0	5.79	3.03	33.32	144.86	40.97	3606	17.63	0	708.43	76.04	15.18	23.23	13.64	72.44	18.88	0	16.46	23.91	70.98	86.29	54.02	25.92	52.24	0	58.65	60.18	28.36	21.65	26.32	9.58	19.42	0	20.57	21.43	25.43	26.96	32.74	0	16.48	0	10.28	17.17	171.37	160.19	131.27	7.73	0	0	14.35	76.22	98.66	114.6	36.71	233.84	42.54	8.71	113.51	112.02	61.44	64.97	63.92	188.42	41.43	0	58.85	65.37	20.05	17.06	23.91	103.13	2.07	0	1.3	6.29	51.69	297.08	7.59	63.95	44.37	0	159.58	35.79	9.13	6.84	12.84	2.29	11.37	0	0	5.61
515749	0	0	0	0	0	0	0	0	0	0	0	1.61	0	0	0	0	0	0	0	0	0	0	0	0	5.64	2.81	0	1.37	18.12	0	3.3	11.6	0	3.1	0	0	0	0	2.51	0	0	0	0	0	0	0	0	0	0	0	0	0	0	0	0	0	0	0	0	0	0	0	0	0	129.76	87.84	4.05	9.12	21.8	5.4	119.51	44.72	0	0	0	0	0	0	31.7	0	0	0	0	8.72	0	0	0	0	0	6.86	3.03	0	0	0	14.2	0	0	0	0	0	0	0	0	0
515753	1.07	2.38	2.21	0	2.29	0	3.57	0.86	2.6	7.91	7.16	14.83	3.67	0	3.73	0	17.59	97.7	12.11	1147	102.17	0	2645	154.54	9.37	43.4	6.61	8.82	30.22	0.62	27.47	45.81	663.81	1001	78.8	33.93	651.11	5.85	937.73	1203	28.17	14.11	11.63	8.3	17.06	0	15.08	22.37	10.26	12.94	8.48	3.84	10.47	0	4.14	5.94	0	0	61.2	0	0	0	0	0	227.99	634.39	47.05	92.71	157.97	15.67	386.56	364.51	42.29	0	30.2	129.72	64.98	2.16	103.24	138.14	0	47.47	4.19	166.85	7.24	0	30.99	8.53	77.06	217.17	17.08	247.51	292.97	0	419.06	45.43	4.4	0	5.94	2.92	15.2	0	5.94	0
515757	0	0	2.34	0	1.41	0	1.82	2.66	14.52	99.83	9.06	15.14	5.05	1.9	6.65	4.72	0	10.6	11.74	14.73	2.34	0	25.16	12.91	0	0	2.53	0	38.02	0.8	11.33	9.45	847.53	414.34	45.9	34.95	722.16	16.37	0	138.87	19.26	0	11.2	19.6	13.48	3.12	29.76	9.11	15.19	14.24	16.63	10.17	15.18	2.31	2.9	9.4	65.02	0	71.08	0	0	0	0	0	118.17	56.08	29.52	7.94	0	6.05	149.29	32.36	0	139.1	0	1.02	0	1.14	0	19.17	0	0	6.49	4.61	15.8	2.31	0	10.64	0	0	15.72	0	0	0	40.08	0	0	0	7.38	3.46	15.48	0	0	2.25
59-1	0	0	0	0	0	0	0	0	0	0	0	0	0	0	0	0	102.32	479.3	0	1533	0	0	362.47	86.68	5.46	13.56	1.75	24.39	15.74	0	9.95	16.68	27.52	48.43	0	0	15.56	0	20.59	8.89	0	0	0	0	0	0	0	0	0	0	0	0	0	0	0	0	0	0	13.58	0	7.92	0	0	0	55.13	89.68	2.87	159.99	27.19	0	99.45	61.61	18.09	17.03	27.51	43.96	7	0	15.85	18.34	0	0	0	10.3	0	0	0	0	17.96	92	0	0	2.31	0	16.53	14.66	0	0	0	0	0	0	2.51	0
59-2	0	0	0	0	0	0	0	0	0	0	0	2.98	0	1.61	0	1.2	118.19	113.85	0	241.13	0	0	17.29	75.14	5.87	7.3	3.91	25.45	17.94	0	8.56	15.71	38.79	58.63	10.71	14.16	70.98	2.59	124.73	83.51	0	0	0	0	0	0	0	7.77	0	0	0	2.17	0	0	0	0	5.45	0	28.92	19.67	0	0	0	8.21	86.7	106.19	11.36	84.42	41.43	0	114.5	69.53	13.42	22.82	0	49.01	5.05	6.55	23.44	13.94	16.4	0	0	30.25	0	0	0	4.85	17.77	137.57	0	12.13	3.75	0	43.41	35.61	0	4.32	2.85	3.51	0	0	2.95	4.6
59-3	0	0	0	0	0	0	0	0	0	0	0	14.34	1.6	0	0	0	0	337.49	0	435.5	131.9	0	1676	58.48	0	8.83	0	34.87	11.29	0	16.71	20.86	0	75.66	2.92	16.89	56.64	0	121.19	70.61	0	0	0	5.82	0	0	0	0	0	0	0	0	0	0	0	0	0	7.85	0	0	8.02	0	0	5.12	15.08	151.67	5.36	135.3	33.83	0	147.75	54.39	0	25.05	0	64.02	8.23	0	52.74	19.3	0	0	0	23.13	0	0	0	0	0	175.99	0	21.11	7.28	0	69.46	34.01	0	3.22	3.09	5.01	3.26	0	5.77	2.99
59-4	0	0	0	0	0	6.77	0	0	4.92	1.13	0	23.11	0	24.19	0	0	125.71	606.18	0	1422	344	127.56	1154	914.09	8.03	7.94	1.66	42.44	12.71	15.26	9.21	18.36	37.43	44.75	0	14.07	24.36	83.09	45.77	21.02	9.7	0	0	0	0	34.13	0	0	5.82	12.91	0	0	0	38.62	0	0	12.07	9.47	0	0	0	117.03	0	0	146.67	150.29	1.79	199.22	51.19	47.63	149.05	92.83	55.99	49.86	0	110.36	19.79	109.67	41.69	43.92	1.82	0	0	92.06	0	19.52	0	0	40.04	232.47	0	26.76	28.63	32.81	106.13	24.99	4.96	4.18	0	5.82	5.17	15.33	0	4.65
59-5	0	0	0	0	0	0	0	0	0	0	0	1.05	0	2.86	0	0	9.18	950.53	0	342.41	0	0	1062	19.74	8.17	15.7	2.06	23.68	20.99	0	12.4	18.38	83.04	120.38	6.79	22.68	72.32	3.16	188.16	108.35	0	6.96	0	0	0	0	4.79	5.08	13.94	0	0	3.24	6.58	0	5.28	0	7.45	13.12	0	7.42	7.94	0	9.07	10.05	64.12	158.46	8.81	120.62	28.89	0	114.79	67.49	23.18	43.21	0	54.5	13.48	4.74	25.97	0	9.92	0	0	38.39	0	0	0	0	27.69	195.51	4.8	6.6	8.8	1.76	100.3	48.79	2.63	4.64	0	0	5.65	2.61	3.65	8.49
61-1	1.15	4.26	0.91	0.62	0.36	0	2.43	1.26	2.4	7.1	3.64	14.95	2.46	0	1.9	2	6.22	1032	17.9	314.12	29.19	5.84	3324	28.4	7.5	43.55	5.67	62.79	35.7	0	48.5	31.03	30.53	123.18	23.74	7.96	35.37	0	108.2	49.04	12.44	16.58	14.37	9.59	7.98	0	12.9	15.49	11.41	7.59	2.48	0	5.38	2.16	2.04	7.6	149.97	241.43	148.41	0	0	0	0	31.12	75.38	239.76	26.8	192.26	41.05	9.67	214.66	74.36	14.25	21.58	27.44	67.29	12.77	13.26	24.19	16.29	0	1.69	4.24	28.07	3.58	5.48	0	2.41	38.42	325.84	11.39	40.5	0	0	151.01	12.33	4.07	8.77	0	0	4.13	0	4.05	4.7
61-2	0.95	3.68	1.96	0.61	1.07	0	2.63	0	5.47	6.66	9.47	46.2	8	0	3.34	0	448.42	10028	17.97	678.81	979.33	7.66	8028	207.53	15.62	45.04	6.53	64.75	42.06	0	43.36	27.9	136.08	302.51	28	13.62	166.87	2.96	261.44	125.54	19.04	21.47	17.89	9.61	18.56	2.83	10.09	8.06	0	3.22	4.4	2.45	2.6	0	1.69	0	0	316.92	0	111.27	0	0	56.35	0	181.84	359.48	32.86	200.22	84.79	5.81	337.36	123.78	22.86	61.49	13.63	80.35	16.73	7.67	55.06	8.96	3.44	16.78	6.33	99.82	9.04	0	13.43	1.55	109.27	678.94	5.93	44.65	43.66	0	384.48	40.89	5.75	12.84	3.68	4.06	6.74	0	0	0
61-3	1.27	1.29	2.34	0.79	0	0	2.61	0	9.62	2.72	9.29	105.39	1.87	0	3.02	1.65	716.77	5718	12.51	1395	1385	6.12	0	992.15	18.85	45.89	7.26	72.98	37.91	0	33.12	41.6	107.44	220.99	20.85	13.35	65	5.51	128.36	99.43	18.81	11.93	11.28	6.98	10.54	0	3.46	10.72	5.24	6.71	5.12	2	1.55	1.66	3	3.68	358.41	178.85	155.01	160.6	0	0	74.39	167.46	264.09	299.81	38.5	210.67	86.41	17.61	252.05	202.63	53.59	72.04	17.79	94.47	17.67	7.24	49.9	36.95	18.01	10.17	9.56	232.95	19.15	0	10.09	5.31	129.71	673.28	16	50.35	12.19	0	404.2	69.44	9.41	4.2	10.58	4.88	3.74	0	0	3.94
61-4	1.92	4.14	1.99	0.8	0.94	0.33	9.65	0.87	0	1.13	11.02	23.81	0	0	0	1.41	3547	0	26.6	0	693.57	4.22	0	3461	43.08	107.76	35.86	106.73	25.7	1.1	69.6	177.61	51.45	209.58	50.31	8.59	12.49	2.15	84.56	147.18	44.77	33.67	10.74	8.77	9.44	0	6.38	24.34	0	0	12.45	0	0	0	5.68	5.99	0	334.17	0	0	0	0	221.13	143.48	327.29	390.52	109.99	497.18	60.22	35.54	355.68	231.77	70.21	112.45	12.17	196.89	8.58	9.62	80.44	86.67	104.22	16.26	17.91	163.8	6.6	0	116.01	9.41	136.68	913.58	0	51.5	32.39	0	525.57	192.84	4.59	4.17	3.79	3.29	0	0	5.7	7.52
66-1	0	0	0	0	0	0	0	0	4.06	2.02	0	8.09	2.28	1.6	0	1.39	54.3	1496	6.75	720.16	95.9	7.06	314.6	58.57	8.91	19.04	4.77	24.71	20.08	1.51	11.43	12.45	41.92	72.94	13.22	4.04	42.68	11.28	44.38	29.25	3.32	0	0	0	5.47	3.71	5.08	6.67	7.13	20.96	14.89	0	7.25	11.1	12.2	0	21.08	56.39	18.01	7.16	41.99	5.52	9.43	13.51	109.34	142.01	19.67	200.08	44.68	6.27	112.44	66.96	16.86	44.22	14.83	60.79	39.07	17.13	12.41	28.18	0	13.36	0	83.03	0	0	0	0	30.84	306.04	0	21.83	3.6	7.69	107.54	7.35	10.54	0	0	9.97	7.01	7.38	6.73	7.71
66-2	0	0	0	0	0	0	0	0	1.86	3.06	2.5	11.4	3.48	2.27	1.25	0	15.1	1608	6.75	694.28	84.69	4.13	1125	50.27	5.5	13.72	2.24	30.4	11.85	0	14.54	16.61	44.02	66.35	15.38	14.25	46.35	18.39	64.03	40.04	3.48	10.71	0	0	7.45	7.27	0	10.52	1.8	0	0	0	6.18	8.4	0	0	4.81	21.6	0	6.2	11.88	9.8	7.24	0	75.6	83.92	12.48	153.75	40.45	3.84	157.78	88.92	26.73	2.66	18.42	33.43	22.78	3.72	39.68	31.8	0	2.97	0	84.29	0	0	0	0	12.26	312.5	4.04	150.3	18.82	0	117.96	14.16	3.23	4.4	3.97	7.11	6.55	4.67	5.17	0
66-3	0	0	0	0	1.81	0	3.08	0	7.92	10.79	0	22.43	2.76	0	3.24	0	82.55	0	0	1894	161.31	5.56	343.58	192.29	10.07	0	2.15	39.16	6.7	0	7.6	15.59	68.49	0	10.73	19.37	20.86	6.67	34.95	25.02	16.52	0	6.92	10.12	0	0	10.73	14.36	25.69	20.8	4.1	5.95	19.45	4.96	17.34	2.7	24.85	30.8	9.96	17.05	48.29	5.74	11.24	11.8	141.19	182.9	0	310.94	21.08	2.76	121.74	102.64	61.14	0	9.62	114.24	7.86	3.59	47.58	39.35	13.66	0	0	164.59	0	0	4.38	0	47.31	460.6	0	25.86	11.22	0	160.76	15.5	6.74	9.45	6.9	8.97	11.76	5.99	7.31	8.18
66-4	0	0	1.57	2.02	0	0	1.87	0	5.6	5.73	4.23	6.59	0	0	7.85	0	12.94	0	23.67	390.22	6.62	0	576.87	0	3.87	2.44	2.45	26.62	6.55	0	15.36	6.71	30.83	18.35	25.82	27.25	43.11	5.75	87.82	28.11	7.09	0	14.49	4.79	0	0	14.45	4.97	0	24.96	9.5	13.99	0	0	19.48	0	9.46	26.3	12.68	16.91	8.98	0	27.56	9.18	41.96	20.89	0	102.13	13	0	226	45.28	17.4	15.06	16.37	42.62	41.39	4.25	46.09	0	0	0	0	38.5	0	0	50.52	3	13.22	42.87	5.93	27.02	3.24	0	41.97	6.47	3.07	12.29	6.18	6.22	0	0	8.99	5.01
66-5	1.54	0	0	0	0	1.19	0	0	3.1	0	0	14.92	5.02	5.5	4.05	9.97	171.67	10.73	3.69	936.76	22.11	13.4	6994	65.6	11.54	0	0	38.6	13.95	2.15	29.38	69.05	65.01	12.11	16.91	27.39	68.27	26.48	116.85	24.98	15.41	0	0	8.64	11.18	11.49	0	13.34	11.26	0	10.28	8.85	0	0	0	0	41.26	0	15.54	19.58	14.65	0	15.15	26.85	107.71	0	3.07	220.16	39.19	0	171.79	145.14	40.18	0	0	93.54	22.82	10.88	57.07	57.99	0	3.83	0	116.3	0	0	23.48	0	43.07	6.45	0	23.37	6.87	5.17	151.58	18.06	9.89	5.19	3.12	10.42	3.63	4.52	8.38	7
71-3	0	0	0	0	0	0	0	0	0	0	0	1.45	0	0	0	0	5.56	89.21	0	231.51	0	0	0	9.23	0	2.52	0	9.94	2.31	0	0	3.56	2.96	8.94	0	2.13	4.6	0	0	2.88	0	0	0	0	0	0	0	0	0	0	0	0	0	0	0	0	0	0	0	0	0	0	0	0	20.15	42.82	3.1	103.83	7.9	0	19	10.57	0	4.69	0	28.03	0	0	0	0	0	0	0	26.25	0	0	0	0	3.64	34.8	0	3.51	1.11	0	0.99	1.02	0	0	0	0	0	0	0	0
71-6	1.78	0	0	0	0	0	1.33	0	2.49	0	0	0	0	0	0	0	24.86	5.38	0	99.22	2.63	0	774.39	7.56	8.64	4.81	0	6.8	4.22	0	8.58	46.46	258.64	203.06	3.71	2.77	44.24	9.54	509.62	275.46	0	0	0	0	0	0	0	0	0	0	0	0	0	0	3.14	0	339.6	0	0	0	0	0	0	51.51	545	80.93	5.77	27.17	19.48	9.92	2885	6355	325.18	4.19	0	6.36	2.87	7.54	0	26.54	0	0	0	3.69	0	0	0	0	286.3	69.52	1.26	1.28	5.15	0	0	1218	0	0	0	0	0	0	0	0
71-7	0	0	0	0	0	0	0	0	0	0	0	0	0	0	0	0	0	2.93	0	60.94	0	0	0	0	0	0	0	3.45	0	0	0	1.89	27.72	100.97	0	0	21.01	0	45.18	16.45	3.39	0	0	0	0	0	0	0	0	0	0	0	0	0	0	0	0	0	0	0	0	0	0	0	12.8	35.64	3.27	19.49	9.56	0	10.91	11.26	0	0	0	0	0	0	0	0	0	0	0	22.86	0	0	0	0	4.67	74.56	0	5.2	0	0	2.38	0	0	0	0	0	0	0	0	0
71-8	0	0	0	0	0	0	0	0	0	0	0	0	0	0	0	0	0	34.76	0	112.49	0	0	0	0	0	1.42	0	4.1	1.69	0	0	2.42	6.57	29.07	0	2.51	12.55	0	14.76	2.62	0	0	0	0	0	0	0	0	0	0	0	0	0	0	0	0	0	0	0	0	0	0	0	0	19.63	39.8	3.11	15.59	11.09	0	16.69	17.9	0	0	0	8.76	0	0	0	0	0	0	0	6.32	0	0	0	0	0	53.04	0	0	2.37	0	3.31	2.2	0	0	0	0	0	0	0	0
71-9	0	0	0	0	0	0	0	0	0	0	0	0	0	0	0	0	2.83	263.59	0	312.36	0	0	48.85	192.94	0	3.14	0	5.79	3.98	0	0	5.74	0	7.82	0	0	2.24	0	0	3	0	0	0	0	0	0	0	0	0	0	0	0	0	0	0	0	0	0	0	0	0	0	0	0	23.84	63.99	3.11	63.9	9.7	0	15.89	20.97	0	3.07	0	5.03	0	0	0	4.87	0	0	0	36.59	0	0	0	3.56	1.3	75.24	0	1.58	1.51	0	1.17	4.76	0	0	0	0	0	0	0	0
76-1	2.17	0	0	3.07	0	3.28	4.39	0	10.85	0	0	20.29	0	16.78	0	10.18	8.47	123.14	0	607.39	5.83	5.27	15.79	13.44	4.2	7.76	5.95	38.47	9.49	4.84	11.43	12.65	17.45	22.9	0	10.97	12.34	23.45	30.5	18.56	13.31	4.95	16.8	20.26	14.04	27.19	29.74	20.9	19.29	0	16.2	0	0	47.4	27.46	0	39.89	0	61.86	72.03	0	122.67	155.84	2.73	52.95	100.47	0	149.71	15.94	20.19	50.66	48.82	29.68	9.98	9.87	19.92	0	37.46	251.67	18.01	16.6	0	0	73.63	0	31.07	18.41	0	23.39	88.8	0	17.21	14.76	28.17	49.69	15.96	0	0	0	2.46	0	5.37	7.38	0
76-2	0	0	0	1.95	0	7.98	1.97	2.21	0	0	0	31.46	4.94	32.37	13.02	10.39	77.4	6.81	2.56	276.13	13.87	38.23	0	506.71	8.18	15.41	0	37.38	20.94	9.52	9.62	47.87	43.65	65	8.95	14.85	49.68	44.7	28.63	38.32	14.01	9.77	6.12	19.84	12.19	32.57	25.47	20.86	0	0	0	7.51	0	36.35	20.6	7.45	20.1	0	0	35.62	135.12	144.69	55.94	38.49	97.81	130.71	0	64.43	53.06	36.27	134.94	105.94	9.69	9.68	0	35.21	24.1	26.91	29.75	29.07	0	0	0	172.43	0	33.41	14.76	0	23.9	132.32	0	36.52	57.5	35.05	45.71	40.69	0	0	0	4.91	0	9.17	0	4.37
76-3	0	0	0	1.75	0	6.35	4.35	3.08	3.47	0	0	33.45	6.65	30.73	14.67	14.44	53.91	1295	0	312.23	27.85	23.37	26.51	513.21	10.69	36.03	0	40.97	18.74	7.33	19.75	48.73	49.33	126.47	3.66	12.96	59.76	48.88	105.7	74.15	25.82	18.46	0	21.99	15.88	22.59	23.17	26.99	17.58	0	0	0	0	18.14	24.2	0	53.31	5.01	9.74	0	30.51	97.02	52.22	17.73	131.59	176.21	0	144.61	54.47	25.18	261.98	141.35	41.06	15.33	0	75.01	11.37	30.76	44.11	31.86	0	0	0	65.64	0	17.27	0	0	43.15	192.79	0	42.27	16.12	27.84	119.54	36.93	0	0	0	0	3.46	12.52	3.74	0
76-4	8.22	0	0	2.58	3.61	2.45	0	3.12	22.57	0	0	21.28	15.34	22.2	20.37	17.87	307.58	2866	0	412.95	80.32	16.06	2848	46.55	4.61	34.08	0	36.14	26.22	6.29	15.9	3.11	0	109.88	2.84	17.76	57.61	18.77	35.41	14.22	23.04	11.42	0	16.59	22.95	26.18	14.36	12.43	0	0	0	0	33.01	16.88	0	2.37	34.68	19.51	0	58.28	463.61	135.97	6.52	34.51	124.14	183.77	4.05	137.87	85.13	18.53	191.71	6.87	33.76	20.48	0	80.37	16.37	33.76	16.38	7.13	30.71	0	0	2.96	15.52	4.7	24.06	0	51.51	207.36	3.9	21.36	99.99	40.66	99.43	14.71	10.13	0	0	0	0	7.15	8.22	2.76
76-5	0	0	0	3.05	0	0	4.47	3.24	7.1	4.2	0	21.9	8.59	18.42	11.41	13.22	17.95	650.9	0	486.22	18.67	18.97	644.28	24.28	4.14	20.51	0	35.59	21.66	4.04	17.93	4.36	16.12	72.43	4.14	19.1	37.94	20.81	48.23	11.82	26.49	0	0	23.14	19.65	22.26	28.37	20.24	15.12	0	0	22.78	0	26.32	0	17.07	64.4	0	0	79.73	0	81.66	56.57	32.92	177.63	144.91	0	110.46	77.15	13.42	96.87	12	77.02	6.96	0	61.79	15.29	17.23	11.95	11.23	0	0	0	59.07	26.6	0	0	0	26.71	214.4	0	38.84	180.89	28.52	59.21	5.28	4.32	0	0	0	9.21	8.01	0	3.8
78-84	0	0	0	0	0	0	0	0	0	0	0	0	0	0	0	0	852.22	0	0	509.01	0	0	13.79	0	1.93	2.83	0	43.97	1.26	0	2.38	1.14	6.25	17.55	3.18	0	0	0	19.91	0.74	4.07	0	4.64	0	0	0	4.64	0	0	0	4.4	0	0	0	0	0	0	0	173.74	0	0	0	0	0	31.61	65.02	8.03	191.02	3.19	0	38.79	30.39	7.33	4.86	0	54.17	6.34	3.88	6.65	4.65	0	0	6.16	48.3	0	0	0	0	40.64	371.56	0	0	0	0	40.98	0	0	0	5.22	0	0	0	0	0
78-85	0	0	0	0	0	0	0	0.45	0	0	0	4.25	0	0	0	0	0	0	0	1134	0	0	0	7.83	2.47	5.65	0	77.14	1.38	0	2.74	5.51	3.37	26.17	0.64	0	0	0	9.21	0	0	5.79	0	0	0	0	0	0	0	0	0	0	0	0	0	0	0	0	0	0	0	0	0	0	51.12	89.9	8.7	237.73	9.35	4.55	55.09	50.05	8.72	14.07	4.9	30.61	5.13	0	8.15	5.5	2.77	0	5.48	202.77	1.91	0	0	0	11.7	285.2	0	0	0	0	11.57	0	0	3.14	0	0	0	0	0	0
86-3	0	0	0	0	0	0	0	0	0	0	0	0	0	0	0	0	0	5.58	3.13	364.27	2.55	0	3.58	53.16	0	0	0	15.15	4.69	0	0	3.96	27.73	29.21	3.78	8.29	43.52	2.65	69.12	42.47	0	0	0	0.88	0.87	0	1.75	0	0	0	1.73	0	0	0	0	0	0	0	0	0	0	0	0	0	18.93	29.69	3.67	46.66	17.03	0	17.84	22.15	3.39	3.29	9.3	9.75	8.45	0	0	0	0	0	2.67	23.77	0	0	0	3.29	2.58	35.62	2.5	3.02	2.8	0	3.1	0	0	0	1.12	0.66	1.49	0	0	0.92
86-6	0	0	0	0	0	0	0	0	0	0	0	1.61	0	0	0	0	68.23	720.19	3.08	489.57	157.8	0	16.97	63.52	0	5.33	0	14.24	5.57	0	2.6	6.92	11.38	64.22	2.39	3.04	11.53	0	27.29	7.69	0	3.6	0	0	1.18	0	2.18	1.07	0	0	0	1.82	0	0	1.94	0	0	0	0	0	23.69	0	0	0	27.56	113.26	6.21	48.08	19.46	0	51.12	31.76	0	15.46	4.38	15.33	10.88	0	13.07	9.02	0	0	0	28.98	0	0	0	0	8.83	160.42	0	7.29	7.52	0	10.4	1.39	0	1.14	0	0	0	0	1.03	0
86-7	0	0	0	0	0	0	0	0	0	0	0	0	0	0	0	0	412.07	27	0	978.21	3.62	0	0	110.77	1.39	3.02	0	10.62	2.69	0	0	3.9	9.61	22.06	0	2.7	5.49	0	7.96	8.56	0	0	0	0	0	0	0	0	0	0	0	0	0	0	0	0	0	0	0	0	0	0	0	0	34.9	76.08	3.68	41.8	12.57	0	24.56	24.82	7.35	4.66	3.37	12.42	2.86	0	0	4.03	0	0	0	12.2	0	0	0	0	3.94	30.37	1.08	2.54	1.58	0	0	2.73	1.33	0	0	0	0	0	0	0
86-8	0	0	0	0	0	0	0	0	0	0	0	0	0	0	0	0	26.19	0	3.14	519.51	0	0	11.5	22.67	1.38	0	0	11.35	0	0	0	3.52	14.84	0	2.95	2.09	2.12	0	5.98	9.95	0	0	0.91	0	0	0	0	0	0	0	0	0	0	0	0	0	0	0	0	0	0	0	0	0	20.72	0	5	52.3	4.32	0	23.42	15.63	5.3	0	4.01	16.82	0	0	8.16	0	0	0	0	30.21	0	0	0	0	6.93	0	1.29	3.45	0	0	5.24	1.79	0.59	0	0	0	0	0	0	0
86-9	1.1	0	0	0	0	0	0	0	1.41	0	0	0	0	0	0	0	36.53	172.41	3.11	370.01	0	0	7.4	96.37	8.16	6.74	0	7.99	5.29	0	2.56	7.81	44.46	40.33	0	2.3	12.42	0	8.54	5.63	7.51	1.55	0	0	0	0	0	0	6.54	0	0	0	1.95	0	0	0	245.13	0	0	0	0	0	0	0	174.27	158.84	3.79	53.59	25.92	0	55.25	35.57	66.94	11.48	0	12.83	10.2	0	4.93	2.76	4.83	2.27	0	36.53	0	0	0	0	12.69	45.61	0	2.55	3.57	0	6.3	2.08	5.01	0	0	0	0	0	0	0
unk	0	0	0	0	0	0	0	0	0	0	0	0	0	0	0	0	0	253.62	0	618.43	54.95	0	1181	24.39	3.94	25.81	2.27	3.99	34.02	0	18.89	19.5	53.65	174.3	0	0	48.11	0	93.43	25.55	0	2.97	0	0	0	0	0	0	0	0	0	0	0	0	0	0	0	0	0	0	0	0	0	0	87.77	345.44	9.25	17.2	90.16	11.47	287.83	90.18	0	37.23	0	0	0	0	75.03	12.4	0	0	0	2.89	0	0	0	0	6.47	361.81	0	0	2.46	0	236.43	9.65	0	0	0	0	0	0	0	0
