Feature	IL_1b_Bacillus.S.	IL_1b_Bacteroides.V.	IL_1b_Candida.A.	IL_1b_CD3_CD28	IL_1b_Clostridium.P.	IL_1b_PBS	IL_1b_Pseudomonas.A.	IL_1b_Staph.A.
2410006H16Rik	0.00104000252120682	0.00238604329031546	0.00142431557113335	0.0010928558633672	0.00141812528214135	0.00108133496376363	0.000897338688012597	0.00131260577384834
4933438K21Rik	0.0299432394792628	0.0396904768362167	0.0300303366139748	0.022786543819852	0.0494511651239621	0.00769070687862023	0.0384473541755851	0.0292414075498087
A430093F15Rik	0.00767788601692714	0.0105156949396469	0.0101051790915568	0.00478480289806152	0.00906779484915516	0.00250795559620281	0.00714004035735511	0.0099476345779217
Ak3	0.0186307416484161	0.0251097249487923	0.0160707677783491	0.0160146770689088	0.0180311819354167	0.00606550338860113	0.00976554421164372	0.0176759694014365
Alkbh8	0.00606842251788029	0.00436673076272611	0.00773005707893641	0.00367693924280124	0.003882883051435	0.000957280121410913	0.00483351963766305	0.00762377357421964
Ano7	0.16657742557068	0.147425415791049	0.106251476124797	0.111109223674998	0.13430764928215	0.0643828420911835	0.113494303095699	0.0787190425460123
Arhgdia	0.0271808430557894	0.0379185253675319	0.0409920484861886	0.0235451347303567	0.0297097745881658	0.00796351890475538	0.0260849301117915	0.0319876513861164
Arrb1	0.00834623762083177	0.0155377363791385	0.00911857649921383	0.00642128617433756	0.0145151344044315	0.0107095887682549	0.019375838815181	0.00795542018425037
C430049B03Rik	0.0136531591295991	0.0334027479003679	0.0337874795366941	0.0157390017370522	0.0402799948567891	0.00727484145952494	0.0346118139925958	0.0354878299416894
Cep152	0.010174008593012	0.00748047279255063	0.00661359471861435	0.00399153766689335	0.00521147182795114	0.00323697723641996	0.00233788576498571	0.00513267474383206
Clk2	0.020652522039209	0.0274420224044536	0.0208904201696799	0.0112838486349098	0.00845795504961407	0.00824443746368187	0.0136587129213277	0.0209254601728686
Cnp	0.0156530700659079	0.0193148169964226	0.0211155429166032	0.00850031932637738	0.0160137257020028	0.00667815544099077	0.00961807999883737	0.0173826309778265
D4Wsu53e	0.0172213440304234	0.0234221656608978	0.0217621029612011	0.0174872189637437	0.00991781926184929	0.00157016403468456	0.00625970366109409	0.0140265908710762
Eef2	0.0299928663029681	0.0343184419349818	0.0315564104825648	0.0168329149713313	0.0223507373679704	0.0164505013312872	0.0167367484415731	0.0267873171457009
Egr1	0.000748173152887405	0.00231427861632254	0.00187485552342057	0.000342768839600153	0.00252253685348586	0.00042149124799743	0.00177052600561153	0.00177173184743692
Eif2s3y	0.00179188679839263	0.00258542630309511	0.00304594110645282	0.000500342589578908	0.00304362004212738	0.000601868278280314	0.00150721880556418	0.00308485946960785
Eps8l3	0.0543155606948071	0.0947044055462783	0.090666529708861	0.0410430063105571	0.0372501173036373	0.0340935995894979	0.0790425267494828	0.0597053969529517
F12	0.000151255833346964	0.00180210108248313	0.00227361692941298	0.00162105271636204	0.0011573906877427	0.000922058030809502	0.00335664098092432	0.00354622743087748
F730043M19Rik	0.0106492662179575	0.0309669288948522	0.0302661599498662	0.0170359148697278	0.012071913711057	0.00124645297750038	0.0224950396808782	0.0306494192430297
Fbxo2	0.00913087251155788	0.0044184960714614	0.00966221925867378	0.012303900125973	0.00213011474615646	0.0235182549290286	0.00751892659181054	0.0110352085100623
Foxo1	0.00759206960894491	0.0194728471603998	0.0223675453970617	0.00517308410402979	0.018628746108638	0.00447916459884016	0.0190525778306393	0.0198434041869792
Gimap1	0.00116798370449606	0.00262954053164777	0.00218977296369156	0.000669316046906665	0.00316922578073441	0.00087984864796842	0.0028911168326406	0.00209255216460983
Gltscr2	0.00428145685608304	0.00791265237055442	0.00596167681478227	0.00323589981036225	0.00428203780719589	0.00185318558533102	0.00158405438761886	0.00461696476209362
Gm5506	0.0342920436662907	0.0542828705681433	0.0538084910935915	0.0234257656466149	0.0513057739700549	0.0199726659473985	0.0288344543708765	0.0483117500338348
Gm6213	0.0755376279479247	0.0514193127426508	0.0663694078438908	0.0454909733549427	0.0412404960860818	0.0345433536679633	0.0531273141713873	0.0520871899564316
Gm6225	0.00627700393142892	0.026768520704967	0.0323740067739044	0.0181992343112491	0.0131758890633912	0.0109568952217096	0.031290618472941	0.0404844977730702
Gm6548	0.00204076866333393	0.00311732183032208	0.0028728680149514	0.00165801098081983	0.00530452526652629	0.000557580214633269	0.00497064849042903	0.00188766158461972
Gng3	0.0159367701056914	0.00786167705928069	0.00798581632053365	0.00551911753518186	0.00439459526554235	0.00811061325745012	0.0115166369021603	0.00608203359091216
Gpr137c	0.0581152763790297	0.0321058678261961	0.0456820324272306	0.0791908117434074	0.011952743562567	0.0274407781772679	0.0233221242113272	0.0559231596382584
Gramd3	0.00126034109704182	0.00256456408065231	0.00187009119265926	0.000983173240356122	0.00149790324074624	0.000692289237990461	0.0012413687375098	0.00165358197899838
Gspt2	0.0280662379392472	0.0102318366305098	0.0248376605300045	0.0261365567773792	0.012454959668683	0.0196722438035855	0.014071824308383	0.0198877168843335
Hadha	0.00493396822225406	0.00702625411967527	0.00596111821607103	0.00667245269055655	0.00357436318744417	0.00176308624335046	0.00292011344567493	0.0035476802523491
Hist1h1c	0.00769865170437281	0.0146123636520541	0.0151290693837942	0.00432540262699715	0.0154561551818084	0.00479943084027102	0.00734874910015322	0.0116482994181932
Hnrnpab	0.0678176314975181	0.0911559080200267	0.0911022233411314	0.0763314408879177	0.0710925468605725	0.0200517306586732	0.0620881370106185	0.0786896711082753
Hspa5	0.00245528182214947	0.0096261845670343	0.00801228588481047	0.00144151263276241	0.0100750767756418	0.00532841141466168	0.00479842336439831	0.00790593995167001
Jak1	0.00194324829415869	0.0036929434474566	0.00246997258181165	0.00144726772124836	0.00321793520465504	0.00104780698092805	0.00230893785722156	0.00216441051946818
Jun	0.00166914306313295	0.00338251018597775	0.00275644924306165	0.000457292985706668	0.00366564274682567	0.00134000571206702	0.00257159998708752	0.00260822967882234
Lrrc14	0.00352800090309309	0.0106978257295513	0.0102574781324565	0.00835814939511833	0.00882112049113349	0.00111029346541585	0.0165631642039361	0.00619072340092819
Magi2	0.0350111958366031	0.0358904402295682	0.0508742810138323	0.030558677173017	0.0312525442648163	0.0217112691090308	0.0469542385041382	0.0434905371722829
Map3k14	0.00161206540436867	0.00477011434115483	0.0026494914955093	0.00302084126329814	0.00275778575602717	0.000575053975075215	0.00580866560294723	0.000769446484853304
Mir22hg	0.00197895616012044	0.00278725747708511	0.00393625501489302	0.00136569319407511	0.00542070111693389	0.00136656573370608	0.00217203953475388	0.00451795063290399
Ms4a6b	0.00350438296336841	0.0067975698690155	0.00552665281947421	0.00221486070828262	0.00624375079729023	0.00432952338811547	0.0032635727419589	0.00513831067109844
Ncl	0.00402509299835248	0.00631923201346114	0.00501978422762109	0.0032834367872076	0.00350696058344631	0.000994413628587348	0.000725830413945481	0.00382132558488822
Nos3	0.0485639781892761	0.0333582659179169	0.0618916994184359	0.0463249429461925	0.0349189801687386	0.0263144966740554	0.042910201758868	0.0592200821888658
Nts	0.0593023233307496	0.0666918655491859	0.0790940775991546	0.0670595559083407	0.0281383064430917	0.013818351312409	0.0516507062473327	0.064412382962492
Nup54	0.01501396589381	0.00684452453702638	0.0101651642930626	0.00567112174007598	0.0108134129159497	0.00446708320404	0.00612426686213316	0.010087351863287
Prdx5	0.0103562532870071	0.0134114499203731	0.0122763852729138	0.0110459984442859	0.00751685080404022	0.00190310546410518	0.0114425384508827	0.00666344786000813
Rac2	0.003316625888016	0.0182026116826652	0.0110633600207207	0.00497568804980399	0.0147391428863304	0.00772126443197011	0.0203922646316575	0.00669591503255792
Rapsn	0.00709367096183358	0.0071874506097192	0.012441796219412	0.00721047061793886	0.0133532971587736	0.00423606276022328	0.00724537271884328	0.00989354007577586
Rbmx	0.00156976553576994	0.00237788611414921	0.00317358282849296	0.00241521350220867	0.00399849024342858	0.00181135839062315	0.00372598333776773	0.00201725231597214
Robo4	0.00372995452342878	0.00460446942886044	0.00318848872894269	0.00170860331337725	0.00974611693207559	0.0019301058255975	0.0152923320006126	0.00423452209422251
Rpl9	0.0295012663416422	0.024571317924957	0.0296792966748028	0.0196919660840348	0.0193424318966035	0.0118128813423169	0.0122101402816527	0.0205014545406408
Ryr3	0.0323801192401199	0.0282030494933419	0.0280647604628201	0.0227437084966653	0.0195814742860572	0.0225557370765494	0.0201000473707906	0.0275167805210565
Sec61b	0.00768662122397924	0.00942515939050241	0.00938014234827222	0.00633172591232951	0.00476488640990406	0.00165473524907913	0.00564015527719413	0.00628994972825405
Slc3a1	0.00186029484316096	0.00445478123298991	0.00528678558019673	0.00439103648894476	0.00563973865597742	0.00212292377311221	0.00640515814684472	0.00715768897293482
Smpd2	0.00291661000756494	0.00846099013471159	0.00832721867688328	0.00338073677146545	0.00794627372462551	0.00500588090639095	0.0125491456947977	0.00621488830963609
Snrpe	0.00205800354532345	0.00196649091652945	0.00221302955253329	0.0011705520522557	0.0019052386768285	0.00103838796638655	0.00106313733921219	0.00224773969102212
Sowahc	0.0109749751576748	0.0124541287433272	0.0107580142222699	0.00597760329156375	0.0161778890413497	0.00133040093117106	0.00191280500767208	0.00891682274409597
Ssrp1	0.00122795784159858	0.00315339325020083	0.00182984863460177	0.00147695670603907	0.0013564941133212	0.0010090182659237	0.00149785301550703	0.00179924213933493
Tln1	0.00224694751221215	0.00478949305593804	0.00540316854280411	0.000791907577662629	0.00434457729797644	0.0020490184777568	0.00368213223401023	0.00303019151135517
Triobp	0.00444179851314596	0.00722114184305243	0.00639985730367575	0.00225198002276836	0.00443299261724227	0.00174832563190353	0.00243298675284198	0.00502105825774483
Vegfc	0.0477638289534789	0.0217296655247462	0.0447662679293944	0.0263198635545624	0.0132107288044252	0.0236184319174714	0.0222209773848088	0.0159819595965895
Wdr85	0.0211458389199016	0.0127224848742576	0.0131640871759232	0.0109592901773762	0.00974351312613082	0.00157778095728449	0.00303535544980111	0.00944809154732635
Zbtb4	0.00204141102177468	0.00442898100841024	0.00331699157214172	0.00259284747405666	0.00521454801527722	0.000732410534835718	0.00515242103329974	0.00375258875239611
