Feature	MIP_1b_CCL4_Bacillus.S.	MIP_1b_CCL4_Bacteroides.V.	MIP_1b_CCL4_Candida.A.	MIP_1b_CCL4_CD3_CD28	MIP_1b_CCL4_Clostridium.P.	MIP_1b_CCL4_PBS	MIP_1b_CCL4_Pseudomonas.A.	MIP_1b_CCL4_Staph.A.
1110038F14Rik	0.137366319813205	0.0555120544189638	0.0416709068338618	0.0458123220344053	0.0476956023475515	0.0144502650648727	0.0380022672360137	0.0998495947284455
1500012F01Rik	0.0132822020614993	0.0116429581733827	0.0200117611401818	0.00391629790451268	0.00888921696536289	0.0118176394019454	0.00668426118244741	0.00469113107714864
1700021F05Rik	0.00346981057145133	0.0117707276826828	0.00351915943797445	0.0235741831048176	0.0116750705413892	0.0122174998481405	0.00668077873927156	0.00835594642716056
2310050B05Rik	0.0165155385239202	0.0927442138241193	0.172818088024947	0.0819752819041783	0.0943818921231995	0.313943549935867	0.0932390396409234	0.0484984277424106
2410006H16Rik	0.00360300618799473	0.0231547039739999	0.0332979105533435	0.00758543733975104	0.00866888292058858	0.00646334049263633	0.0358375227031233	0.00480840039774862
2610019E17Rik	0.0100420001973397	0.00896496583644811	0.00482988809197356	0.00261799642628154	0.00984061154043291	0.00207411973392924	0.00362196698414485	0.00426186756271453
2700060E02Rik	0.0119699347136909	0.0669052916617974	0.0181427130818716	0.0173557711289807	0.00445288561845016	0.00826024299956479	0.0140408263400188	0.00801732778626345
4933439C10Rik	0.010822355239676	0.00542487637578462	0.00373049703398215	0.00335554280021722	0.00476833529337641	0.0212566197165565	0.00996934793898631	0.0185885952502502
5330426P16Rik	0.0269853492297826	0.0716848985721706	0.0604039154871194	0.0216018143026567	0.118177478782799	0.0631627484373825	0.0470265546745284	0.0772782993049323
5730408K05Rik	0.00174394194328027	0.00820298177768889	0.00234275071065821	0.0047203453327466	0.00282112211658944	0.00166894369738772	0.00236616780572535	0.0074543974667665
9030404E10Rik	0.0169727662440549	0.041734272061748	0.0175255934261667	0.0732096474039807	0.0123626154267722	0.0578271900001504	0.012454382777367	0.0318399452575175
9430008C03Rik	0.00519017224056442	0.0178870976710833	0.0201068561036087	0.00780307879450054	0.0102360326906898	0.0124269597767524	0.0284016734644595	0.00772752988505166
A230050P20Rik	0.00964660634089781	0.0112337408353251	0.00410859606822413	0.0175517922008813	0.00374015781808074	0.0149846732031902	0.00280326904327777	0.0234365561333519
A430035B10Rik	0.0169007651637465	0.0125925939120936	0.053509563996536	0.0137241721432641	0.0598924782238692	0.0141797095184437	0.0449502536568873	0.0177895976277835
A930013F10Rik	0.0155179218246527	0.0253200597876483	0.0144192187278091	0.0173896686131827	0.0259682707314956	0.00744202213368307	0.0212738839326715	0.0163736395012595
Abca7	0.0126565494624211	0.0040543720361755	0.00968717547530443	0.00990514971872513	0.00990877370073648	0.00358102310469271	0.0119454546338934	0.00228192486562366
Abhd11	0.0346369254585375	0.00823492597800315	0.0138303730204464	0.0100102373095927	0.0253971806625607	0.00504291050388527	0.00411594043363302	0.0185019647662133
Add3	0.0144312355684902	0.0201971311037088	0.0226748507177626	0.0420924262182977	0.0197845984380847	0.00859962209291911	0.00748132994141121	0.0100432430864486
Aes	0.0916882140850958	0.0845046820670043	0.0230141356899354	0.0778467720287825	0.0663887865365681	0.0261975359770067	0.0717113676773302	0.0946017598171453
Arf4	0.00320899772943913	0.00632037222362638	0.0159032254623198	0.00727071939351658	0.0391892192083383	0.00548907580648796	0.0230553265273454	0.0181376440339461
Arhgdib	0.012997270381552	0.0472396597230167	0.0430851546639583	0.0142143141435507	0.0152845330099694	0.00686486296406115	0.00614446442709988	0.00645395540425388
Arrdc1	0.0156392056415574	0.0142016312675501	0.00562965126260865	0.0168503848937547	0.0103435545420664	0.011592485643571	0.0221404541515691	0.0133424468567964
Atf3	0.00420315637734073	0.00498702636303444	0.00216715425507646	0.0027584618892175	0.00488452161175244	0.00134694367681891	0.00521579252857692	0.00188629056497024
Atf4	0.00171443609797951	0.00111174320503842	0.00353678648751897	0.00162220194310524	0.00179540514429066	0.000249745194349637	0.00109853391124291	0.00307662238189216
Atp5e	0.00455762281059372	0.00301023577435643	0.00408760684374159	0.00273743169569806	0.00128352437572117	0.00201931595826413	0.00610902680592752	0.00202074451517131
Bambi	0.00369910250754376	0.00667759374035827	0.0108311507330029	0.0152964474798612	0.00320493404493139	0.00837431907982146	0.00583888004549641	0.00565049481046852
Bbc3	0.0182735094552104	0.0191525485648508	0.0272166665901363	0.00642741132119581	0.00326740210597363	0.00458449903524753	0.00378545083724884	0.0288673905207004
BC051226	0.0549333347565088	0.0115689365606537	0.0405573763836659	0.0116887569158483	0.0849409879601959	0.0125170267719688	0.0751612404402033	0.0404312238859341
Blood_CD8_T_cells	0.00793082232319531	0.00712276854267348	0.00311001291006782	0.00570468413534288	0.00143716644563932	0.00368300843360462	0.00283241504500242	0.004374631138843
Blood_Treg_cells	0.0395560175309153	0.0518597605786453	0.031192221563259	0.0539418741838153	0.0352616858342296	0.0216391626498169	0.0372790677439077	0.0584999462958191
Bola2	0.0273433618989789	0.0736712102454056	0.0163114678284744	0.0284891811593831	0.0104800804509513	0.0147122946572308	0.015164218491827	0.042551848042176
Btg1	0.00523951288137976	0.0104712295066861	0.00454461925591218	0.00819632375985403	0.00804025074869561	0.0152121416191881	0.0194085712960571	0.00660065356368367
Btg2	0.00450316530900588	0.00381611048169308	0.00194654683880057	0.00457381258118949	0.000642635057503169	0.0107421585954351	0.00150773618796181	0.00138669087041156
Capn6	0.0595626077477201	0.0655420182986479	0.112347970383304	0.0181647902680017	0.0864578376592012	0.0866337170137233	0.0511601103883282	0.0633493269900073
Casp12	0.0216100761209923	0.0283977998985382	0.0353723724231085	0.049862232680857	0.0382910617171045	0.0571044672466699	0.0148137674148624	0.00683497065917804
Ccdc107	0.00200098942381368	0.00192152961054076	0.00295408435654597	0.00223946444525186	0.0031250598743975	0.00685695301571975	0.00708837147824117	0.0144693893207663
Ccl4	0.0232436019058271	0.0171909313770981	0.0163753413004951	0.0132538604341004	0.00625897491398434	0.0084254490714815	0.0113017236066433	0.00728617552075599
Ccl9	0.011574784923857	0.0138951898365703	0.0280463388668089	0.0147531116240636	0.0271928042522151	0.00566407799973374	0.00644406479474039	0.00400542568836607
Ccno	0.0304203373095254	0.0448342048650154	0.0548687953633787	0.055073770085654	0.0195690578635119	0.0178612260351267	0.0876296266638647	0.0757885385045715
Cd74	0.031102594481797	0.0072381752331619	0.00961484639659313	0.00786600022246525	0.00895338586744589	0.0227081657892452	0.0470749748220219	0.0209860971472118
Cd83	0.0212758717192486	0.0531753499726384	0.0600572704664985	0.0232757443169806	0.0240673321371853	0.00943393701411385	0.0441013832615154	0.0288198623634676
Cdc5l	0.0111436396685471	0.00879038191849136	0.0365479952718875	0.00283781094245691	0.0245266271685114	0.0159726917002039	0.0108240711955367	0.0173259603802346
Cdc73	0.0299935857005613	0.0646790786007375	0.0061078235170645	0.00768735286710613	0.0230722465481326	0.0106949484457744	0.0418259936716699	0.0412595188789136
Cdk10	0.00732110897752592	0.00979599710054892	0.0170411643593473	0.00254583317219333	0.0108822736730189	0.00241627127389598	0.0186903688122421	0.0112123142569314
Cdk5r1	0.0460610242263677	0.00703982446308945	0.0167622806597795	0.00328388791067617	0.0136490767822796	0.0385985998476995	0.0075946153266765	0.0344256985326444
Cdkn1b	0.00945489390460478	0.0048477632961194	0.0238141272740034	0.0143621222047294	0.00383671798450059	0.00466510148536024	0.011707520601476	0.00737235267344656
Cdv3	0.0222178574287835	0.009103407266487	0.0256548284041041	0.042677488680626	0.0255255529956603	0.0210486822021518	0.0394008139698754	0.0360334656237588
Chchd2	0.0257084735530532	0.0175093796479173	0.0422994251294093	0.0165036337773495	0.011438765092248	0.0290864052684029	0.0236817209563364	0.0163198110667549
Clic1	0.0396267818610092	0.0201026711785368	0.0809750848842005	0.027537716845245	0.0145365508584625	0.0238901545508026	0.0350272657581165	0.0394177207810336
Clk3	0.022829673261408	0.00618705962201918	0.0148647263278556	0.0198391801296955	0.00435866636137953	0.00232074686337077	0.0153547003181508	0.0150389212596415
Clk4	0.0153820127532444	0.00834514351627532	0.0095917274522967	0.00249756412978082	0.00731653136736342	0.0104518430147917	0.0124569451722819	0.014858277982329
Cnp	0.0220624976495168	0.0113538386977509	0.0197503722624263	0.0123508796585155	0.0207164722103081	0.0187858632489772	0.00434886358067574	0.0257118004792247
Coa3	0.0256946166238792	0.0518595086323268	0.0202252414675427	0.0279199604478374	0.00487127210405027	0.0199390585017789	0.0178283510887935	0.0142113988060756
Col20a1	0.0604595684717921	0.030033380044768	0.0396524218390729	0.0560782150045813	0.0619721712567806	0.0254184764134446	0.00822283865845713	0.0348581392334936
Col6a1	0.00265254747699446	0.00923071999847525	0.00282133626337432	0.0126603360298349	0.00484198336620556	0.00897516320368338	0.00808797358574778	0.00493948088742732
Comp	0.00804280320407292	0.0680928860250946	0.00563029838744459	0.00496295744659566	0.00528325826556037	0.0116323716358122	0.0142169166393016	0.0203395150889404
Coq10b	0.0367591667983575	0.0214098806047462	0.0454016605896283	0.013973688696544	0.00900642780722401	0.00540143419595591	0.0205783553586734	0.04219419883935
Cpne8	0.0188642317534298	0.0117058912707629	0.0252960330044197	0.0229393973126207	0.0111993694269674	0.00748656581545626	0.0119034683402307	0.00378862642999421
Crip1	0.0150137094608276	0.068797666637227	0.0161406771738164	0.071148198567531	0.0407679404218178	0.0117805504669941	0.0695851683310512	0.0392839578318375
Csk	0.00969958676729905	0.0310558669664289	0.0415472132533062	0.0550010524160749	0.00929742316836904	0.0392973336392678	0.0125515415250986	0.0119354903499147
Csnk1g2	0.014077973353775	0.00356892800666217	0.00803945157542094	0.00262741080192017	0.00576649295130266	0.00299454328238438	0.00435595684761308	0.0201056315144131
Csrnp1	0.00874059926095727	0.0148215342619616	0.0178678191035449	0.00386802012644879	0.0099922129957284	0.00257194280805245	0.00216459467959112	0.00572070300581362
Cxcl1	0.0212141361854562	0.0067280423913514	0.00690392092889634	0.0131782432066968	0.0225161824890241	0.00962173244720352	0.0322897627552914	0.0662560829765941
Cxcr4	0.0123022578392043	0.0109263283999971	0.0079892308532356	0.0066052624425296	0.00618798800733612	0.0164918821770662	0.00498632876971211	0.00633673287218183
Cyfip2	0.0673923285641592	0.0609151602991638	0.0192061649427107	0.0218166004257799	0.0462851949420524	0.0306662322547008	0.0128389736207892	0.0312568313322831
D_0__Bacteria; D_1__Firmicutes; D_2__Clostridia; D_3__Clostridiales; D_4__Family XIII; D_5__[Eubacterium] nodatum group	0.00802335913999574	0.0148104542164236	0.00723218934468189	0.0146951763725493	0.00953129123985945	0.00622398385258069	0.00234012433741032	0.00621627512433748
D030028A08Rik	0.0312841400458457	0.0504499427000978	0.00847116123557815	0.0213459395319424	0.0196683677904381	0.0121615642475763	0.0528562447163075	0.0524877260359079
D16Ertd472e	0.028096013419802	0.00398011830311741	0.0023631818702941	0.00638313622321756	0.00263794414989392	0.00503769586787256	0.00582021266099131	0.0445008084985949
D8Ertd738e	0.112293619630056	0.0289402560789969	0.0155770010351094	0.0172848682620849	0.0312230072654579	0.0397227676605884	0.060848698168625	0.04573196222122
Dcaf15	0.00443800732423444	0.0192395520734596	0.00840488317473482	0.0188156779332464	0.0192205573100346	0.0124441072297339	0.00713653438520493	0.00787835907816919
Ddx3y	0.00194526440374473	0.00816288176271121	0.00292805762953502	0.0157144343532697	0.0109427718891456	0.0118749399216998	0.0030089117372241	0.00471311463501079
Dhx58	0.0170451561143489	0.00535247090459121	0.00543898284251561	0.0129499157698045	0.0132643107927099	0.015797240345775	0.00479804900529027	0.0119981636811097
Diexf	0.0343142031726453	0.0519732911285003	0.0479484730193757	0.018310098973826	0.0464585822453065	0.0525698231168892	0.0170406273594649	0.0479661588692597
Dnajb1	0.010167850991912	0.00157849914389626	0.00410734587752384	0.00158784092156141	0.0053011908626186	0.00776262448166315	0.00629683052552824	0.00328489409275714
Dnajb4	0.00427333826488086	0.00932550079374571	0.0070221321500412	0.00195955372057393	0.00654532960937468	0.00527728742517323	0.00158241057535829	0.00143943307571704
Dock5	0.0363465132153346	0.0103715868086269	0.0305960322177634	0.028305142606936	0.0390823555696161	0.0695043047972866	0.0288873058130467	0.0319355791757057
Dom3z	0.0231106399156696	0.0138023761703213	0.00493039622399768	0.0101536836643053	0.00835950698447896	0.01395650151886	0.0034872125801542	0.00452218080751275
Dscaml1	0.00548059195894852	0.02843848568557	0.00586847456412665	0.0422739794148523	0.0166258782526767	0.0123536236188831	0.00543321126506141	0.00434526514214481
Dusp1	0.000655352440999023	0.000730553992007785	0.00318123718701192	0.00409105588118668	0.00078336810844639	0.00191411790454703	0.00281896739371693	0.00378279238358842
Dusp2	0.00950196522489012	0.0204167929477921	0.00513877048233608	0.00383604188663651	0.00403629669006578	0.0144521294173123	0.00688326854003693	0.00712874937302145
Dusp6	0.0247465148408192	0.00321330490815763	0.00441009224535769	0.00370312845028887	0.0224044331120368	0.00554976020838544	0.00428663548064751	0.0206528710145869
Eef1g	0.0413559454117518	0.0363205600136244	0.00529290563959209	0.00936095389811844	0.0216979720145569	0.0143684164170295	0.016486459829183	0.0332169306548797
Eef2	0.0458743959340691	0.0241819537125342	0.0573988014164832	0.0258791057117718	0.0117150729449833	0.011362739394456	0.0227941720433621	0.0545113154545139
Efcab12	0.0750167615549456	0.0527453682741278	0.105178643631312	0.015952090056704	0.118776898619169	0.0837381613573814	0.0793791968721846	0.0810291695984845
Egr1	0.00220732520603556	0.00100494353014911	0.00213025842091527	0.00767402805728891	0.00503321297113013	0.00131378953357624	0.00569899546924872	0.0042072680178917
Egr2	0.00958059727833416	0.0217695132243854	0.0103602911061547	0.00735302698482726	0.00934119530328606	0.00367557870101223	0.00774089348792696	0.00395345253795787
Eif1	0.0156197862854015	0.00311999819240764	0.0174920168378744	0.00369897682645889	0.00847070731137315	0.0162339104365004	0.0153351847910668	0.00791689237156467
Eif3f	0.00607976814364492	0.0162351218382908	0.0312600118815414	0.0180930158227849	0.00468079997759664	0.0064249110749892	0.00990848996627885	0.0056654517156233
Eif3h	0.0737442888801466	0.0234685136180857	0.0830731942029358	0.0661713209867526	0.0610437225181755	0.137452380326745	0.189915882980559	0.106614385162821
Erdr1	0.0238184610734634	0.027029442240791	0.0103789991888124	0.0131107621199744	0.00281619934211458	0.00348640095277192	0.00936902021206163	0.0179735150645421
Farp2	0.0198527372118696	0.012100786396761	0.00373200271439031	0.0191988558153097	0.00264219331278638	0.0035293737230011	0.00316957922373117	0.0212406962124665
Fbxo46	0.0433714324414234	0.0144266984287364	0.0552837390913551	0.00908592580856218	0.0552658242190755	0.0044801199136396	0.00764259082046735	0.019933139684899
Fgfrl1	0.0212620057075012	0.0163092064603384	0.0417395539927995	0.0778596647771276	0.0370702277736029	0.0304818490077746	0.0399263992330705	0.0186457934377041
Flt3l	0.0240655035227853	0.00871112783373532	0.00961218917419136	0.0198842780077813	0.0063624497680747	0.00356548482012036	0.00808672293344202	0.00935785662829096
Fos	0.00348751262803452	0.00248591164129024	0.00411672085396678	0.0072541275984542	0.00208747373687876	0.00145760397638255	0.00717653766529631	0.00629431582573282
Fosb	0.00305052250657591	0.00189694974081365	0.00171988614409864	0.00330577961037482	0.00110408621385878	0.00182640527138193	0.00195505036879085	0.00158278063709312
Foxj2	0.0112033135235998	0.0212184718906274	0.0164689716664377	0.0281731451160765	0.037810397969583	0.00520382470770202	0.0659567445418425	0.0262509663389139
Foxm1	0.00703346215093236	0.0111623563664467	0.0295184888914101	0.0106091451652735	0.0624343649646673	0.0768351729847169	0.0469633149442136	0.0321363540875656
Foxo1	0.0153440005612316	0.0509768901433177	0.0828746504218133	0.0491066943638875	0.0144797134642972	0.019563788927227	0.0195017565496396	0.0137759049260413
Fxyd5	0.0157562271629317	0.00402361454382919	0.00325081182330849	0.00512378943868531	0.00187463728873324	0.00399305944809899	0.00341340043445768	0.00320381568550382
Gas5	0.0082727899423002	0.0602628843980617	0.0710959569795804	0.00618356574579346	0.0819420171369792	0.0246211893100532	0.0603664553330676	0.0277882383717362
Gimap1	0.0581800659286979	0.0349078746629061	0.085559316921116	0.0087155130700259	0.0627272348163866	0.0278952407025197	0.0406788311586586	0.0410942976052494
Gimap6	0.0389798290861223	0.0233449675251654	0.0222441284898893	0.0257819207754679	0.0317850858048858	0.0100493567101253	0.00700136029025967	0.00821804840036548
Gls2	0.140901146025489	0.118568636912812	0.0925689273017943	0.026009215646968	0.13817970296139	0.12070183978373	0.104588788307704	0.0942864862657719
Glycam1	0.00143941377390804	0.00659809849887299	0.00720931063014646	0.00547201299538463	0.00827036554226469	0.0139146776230385	0.00418673626356268	0.00297238290675467
Gm129	0.00778200852725985	0.0364932190193409	0.00248255801522098	0.00673973198913429	0.0048197294547737	0.0119389903318164	0.0138205381038545	0.0217410889490742
Gm13826	0.185208244642684	0.0890103658607171	0.266404672601735	0.0292339248569593	0.265858207045375	0.0604424255081534	0.233300127154061	0.280715318340641
Gm15446	0.0250285385143834	0.0170927316313255	0.0211761588988849	0.0128107998672414	0.0784888732948925	0.0403286268313091	0.051043835715849	0.0595243309475876
Gm20199	0.00333782825181968	0.00600315016039107	0.00281811670028658	0.00310017736410041	0.00278731280800505	0.00858336399094661	0.0119967868136909	0.00715984442634433
Gm4285	0.0257997242260767	0.0154809301665027	0.010540644736651	0.0312998519785276	0.0109156924084784	0.0130311561271506	0.0147303760564145	0.00642287783887084
Gm5506	0.0369431553416701	0.00964539361200754	0.0346212102921017	0.0113188449837661	0.0072761052375205	0.00558105858420681	0.0106094715101647	0.0255627969645999
Gm6654	0.0362510313633564	0.0120047417142794	0.0305082642699788	0.00747460466959817	0.00577721122702796	0.014375006533133	0.00803858988126961	0.030449938957078
Gnas	0.0061983137872301	0.00989300173321122	0.0119686655160521	0.0271542102722875	0.0167242625184897	0.0389224431803606	0.00542509118103173	0.008401933689638
Gpr114	0.00216974836017974	0.0168791229930482	0.00787142516451239	0.0102645004681544	0.0048673610367546	0.00959959895571327	0.00411155244010532	0.00455765070095773
Gpr133	0.0122121109516401	0.0321841577891875	0.0193333074294383	0.0335592010238588	0.0383734165656948	0.0428458052964096	0.0125168726186795	0.0225813167805416
Gramd3	0.0146481361154789	0.0388702120400843	0.0165057134219541	0.00591633611781515	0.0338585985601608	0.011045257131618	0.00821234591545561	0.0687928870066417
Guf1	0.0389068106503152	0.0300199286912433	0.0119376414186702	0.0117554868673241	0.00633278425419252	0.0126862683477668	0.00655466537118506	0.0197138300587044
H2-Aa	0.0269322182680798	0.040702307483849	0.0482079829155996	0.00736859682522872	0.0292925171055	0.0177337132706159	0.096955919047896	0.0237335788719297
H2-Eb1	0.00763012663035375	0.0429718491067606	0.0543877551220901	0.021674140171427	0.0379336937625997	0.0272476275655126	0.0829552558864097	0.0229320185932026
H3f3b	0.0042594731043264	0.00634230186671987	0.00278919833248195	0.00386913825748728	0.00525897484962721	0.0025993128001278	0.0111737944874008	0.00509373558662066
Hemk1	0.00694796327746111	0.0102870297505995	0.00697009450481693	0.00357470171365402	0.00189963820881674	0.0115866199979761	0.00317700642621228	0.00370261580263656
Hist1h1a	0.0199699088914089	0.0403187151638226	0.0284877661647051	0.0560825529611715	0.0288911240164372	0.0213850509302252	0.0186521511455937	0.0460514339649863
Hist1h1c	0.0073020518041793	0.0124745145310273	0.013331319743161	0.016628097378281	0.0165373822442075	0.00418760540511434	0.00705247398688291	0.0126415695738848
Hist2h3b	0.0153266014966501	0.0274582834748592	0.00667391292148752	0.0473995495185465	0.0186924274341215	0.00596578941604257	0.0144547617965391	0.00923945111782292
Hnrnpab	0.0508251382279117	0.130282135172932	0.232722589469811	0.0921425693705103	0.0582808789674492	0.0393890334886657	0.0301215573857141	0.0557787913875808
Hs3st4	0.0742156673164201	0.0449065139895647	0.14828249371814	0.0196978138966416	0.120254078139808	0.0519963162635742	0.0677585129620055	0.0713098635102751
Hspa1a	0.0024593893531617	0.00636147989700465	0.0050281213154627	0.0107041450019059	0.00436267020200059	0.00258947649889104	0.00589028742291603	0.00672723401303166
Hspa1b	0.00105958798624521	0.00354252024452122	0.00302517170038759	0.00685062668493169	0.00136938281033379	0.002363906782969	0.00599584721091946	0.00539376229242711
Hspa5	0.0223195930321843	0.00701076138540784	0.0237362004219177	0.00581496936571941	0.0163007745675716	0.0100480702187461	0.0118620922315297	0.0063645743939215
Hvcn1	0.004037788529789	0.0231340338730075	0.0046586707498989	0.0245037301482583	0.0055847098218873	0.00825796466084933	0.0198528769129226	0.00310093973261188
Iars	0.018214886454916	0.041478658841888	0.010317708883698	0.00324469591267114	0.0062593198814027	0.00447792170095799	0.0416977883431615	0.00926058033650902
Ier2	0.00105372390252972	0.00261963799951212	0.0031709478879574	0.00892595648674559	0.000935051810186964	0.000792329925042853	0.00665530702172676	0.00300265632414867
Ifi27l2a	0.0103093841562207	0.0103778490048567	0.0167392813321072	0.0106247239500168	0.0112647075678612	0.00939659461474003	0.00407877900591606	0.00430438084943178
Ifng	0.00624280867128243	0.00897316195989786	0.0330192115278011	0.00434924829012055	0.0309735666767015	0.00677681476039048	0.0261989748934295	0.023765779885249
Igf2bp3	0.0238679857807103	0.0254581723088589	0.0255916128432797	0.00561594500817245	0.0330857663985472	0.00571238842412998	0.0514775308848278	0.0173050937173218
Insig1	0.025008806712012	0.0398143882343348	0.0247313765374881	0.0171575086676265	0.0138567847987236	0.00717407203497388	0.0253966234424766	0.0359808945336964
Irf1	0.0264147624978055	0.00998694086132094	0.00345181651894564	0.00745004334429914	0.0213287102950524	0.0134667494233848	0.00532481603576322	0.0248001154025589
Isg15	0.00399529721670547	0.00345207196823328	0.00545718068624454	0.00189814057165251	0.00488967020979422	0.00317835832315903	0.00295772098002172	0.00455431650361681
Itga11	0.00917364152200952	0.0115659243804797	0.0192048165314054	0.0376595500835612	0.0188558338244558	0.00812950685779936	0.0100621396776073	0.00719888740894923
Itgb1bp2	0.00390889886596123	0.00807637692235953	0.00549322141984265	0.0241331757469569	0.0045044697716533	0.00930064901420717	0.006981300086606	0.003494089434697
Jak1	0.0784487796031091	0.139234674755118	0.0768944514249364	0.0656623634572289	0.0446869918538006	0.103752946509113	0.0724195394056632	0.121010581651491
Jun	0.00551972270153816	0.000727095240134693	0.00172687781963596	0.00544141784915123	0.00420600142884564	0.000902932638411576	0.0068349735825908	0.00649672084394116
Junb	0.000794000876709227	0.00329841273990282	0.000997396015291742	0.00344244173718564	0.000664563212538108	0.000767147508631722	0.00569342827737851	0.00257959605371117
Jund	0.00297813089422186	0.0028931114609153	0.00760319347548657	0.00645813942241313	0.00108149124280974	0.00166913473246928	0.00200787724081526	0.00151915744923821
Kctd10	0.0170409377651965	0.0448765685585363	0.0123759110322462	0.0165742974159407	0.0166103128093903	0.0464581436938846	0.0159587388705318	0.0403908406080274
Kdm5c	0.00650594857437402	0.00216628257601017	0.00798500855086947	0.00854352182666021	0.00414631153511667	0.00184674509916382	0.00434480048981003	0.0102122279174909
Kdm6a	0.0032074512739014	0.00811100827356508	0.00693941492069245	0.02062744297495	0.00312943337242068	0.00256271639247391	0.0114177960514144	0.0115831505471609
Keap1	0.00983643454331031	0.0286959822367873	0.0414356836037489	0.00754870349111936	0.0257877616475129	0.033150925582093	0.00841594334147855	0.00878987764240497
Kif14	0.0241819046227067	0.0326509763710348	0.0782776963843425	0.0198058111761312	0.0527272818436564	0.0533884369096254	0.0135811757070503	0.012162772519686
Klf2	0.00161306135150641	0.00824439094645362	0.00880459214935876	0.00699963791547012	0.00076838748386447	0.00528952894040253	0.00555315999900963	0.00514377496721665
Klf4	0.00577177141121543	0.00671968671787954	0.00230901303309623	0.0127010886332066	0.0019034380067175	0.00752199718293522	0.0127448596871484	0.00221436109930665
Kpna4	0.00226801070647079	0.00672238538956478	0.00446253632374993	0.0121651671796296	0.0107126183401198	0.00202017993414344	0.00458808186168892	0.00278333831198876
Krtcap3	0.031928485564158	0.0170405573194413	0.040141295560236	0.0104938906330216	0.0206416095160425	0.00542444304115627	0.00433100316855132	0.0423105750322216
Ldha	0.0483091506300833	0.0106705942550248	0.086084500862718	0.0241728550444134	0.0484867545249836	0.0530599378950287	0.0489637105132825	0.0265521462613437
Lima1	0.0312449062462942	0.00921659324956421	0.00892016841935936	0.0410588599854536	0.00434904647809144	0.0122813317383089	0.00571479917747063	0.0221691012623593
LOC100504703	0.0106181146865468	0.0256732858860855	0.0268197956424576	0.0291952714925558	0.00767327983542668	0.0194575350581876	0.0166220397942769	0.0203240872987596
Lpar1	0.0104308048848146	0.0354404868095715	0.0107385700757751	0.0294130903840991	0.052490456729101	0.0288449014724261	0.0620556007460262	0.0184286639869814
Lrrc27	0.0139237754446197	0.00777449569881152	0.0380325321773458	0.018272460564589	0.0720863003244758	0.00810635968203647	0.0250381132840886	0.0135491516803731
Ly6e	0.0268641348855707	0.0413814271028373	0.0140480333028406	0.0176434160292246	0.012043669712375	0.0335771196579535	0.0625060849323167	0.0156698700749505
Ly86	0.0198239438564785	0.012769030613025	0.00567263410471179	0.00887537762438497	0.0101319395452498	0.00914445814674103	0.00318720570690465	0.0129051705550044
Mafk	0.00424743641685121	0.00259720439264352	0.0067465045572289	0.00357289361604374	0.00297793631303488	0.00624453800533428	0.00266868483454046	0.00625232818223233
Magi2	0.0669645030592657	0.0667229764589832	0.041772346823629	0.0144109463158136	0.0717900181389554	0.030065601804081	0.107711348945423	0.160258653991127
Man2b1	0.0125777342369388	0.00812363288577421	0.0196872094155889	0.0141912226823904	0.0525695417383018	0.0178332523989673	0.00760912403436791	0.00743386890728826
Map2k3	0.0546859845168388	0.0157728361806496	0.0084423407996301	0.00911414745998843	0.0364661341619198	0.027984219637732	0.0105561845765067	0.0313822342116294
Map4k5	0.00261643262329503	0.0254515668060586	0.0244165565780712	0.0375371693689195	0.0071626682786082	0.00711967704357782	0.00598260097484372	0.00578861639474368
Marcksl1	0.00522909434301266	0.0286960942173378	0.0116529795715548	0.0220294502161995	0.00783211225137907	0.0217870900747538	0.0183347645444786	0.0318766090695645
Mccc2	0.0086644912819212	0.0184316266879485	0.0108934237619417	0.0229957603052769	0.0288134481857269	0.00503798919938827	0.0336664137443932	0.0129604491631073
Med12l	0.0576166608741176	0.0221941731847811	0.0418208485129162	0.0489426982373826	0.00993652576196704	0.0369189423626465	0.140058382389969	0.0884233403794656
Med24	0.0241273367876757	0.0739707561082502	0.00405706937622137	0.0105619910062104	0.0134601535390432	0.0213035431321651	0.0349273432416628	0.0138668598066354
Meg3	0.0221252896052966	0.0646541646007028	0.0150719620052157	0.0307820115270452	0.0323694095016785	0.0198288814686049	0.0131258801218508	0.0491471888982387
Mff	0.00475800485593932	0.0399082669477263	0.0156214031376188	0.0813545393073712	0.014787136316216	0.0402733554105548	0.0409626383374613	0.00534914769530207
Mif	0.0105969251815199	0.0170717583363364	0.00989001329585019	0.0155523036979934	0.0242551036797596	0.0138608473539533	0.00679749844971986	0.0396243627158028
Miip	0.00734378351918228	0.0194216066264219	0.00961779970806192	0.0128601593888397	0.00948219667739956	0.0125432287415701	0.0230149318211131	0.0163010267290435
Mkrn1	0.0178978358303137	0.00931091759242339	0.0534034790932798	0.0125800635935779	0.0210681352945962	0.0268490864498561	0.00585451807460039	0.0179100012339889
Mlec	0.00749872228813647	0.00656446163987064	0.0104698170256334	0.0258579477959592	0.0185877162772055	0.018804642292258	0.0185862800358896	0.00816629344200688
MLN_CD4_T_cells	0.0010564444703743	0.000850735855685096	0.000797880099527815	0.000719322709066754	0.00104541089388308	0.00217443152897635	0.00254269795437978	0.00131028122957479
MLN_Central_Memory_CD8_T_cells	0.00527880823548708	0.0198150991432374	0.00406529614055824	0.00319805188085652	0.00739872960045206	0.011309391904847	0.0107926616769385	0.0058742762543005
MLN_Effector_Memory_CD4_T_cells	0.00691860727140133	0.00197881776616362	0.00145785994995571	0.00199000549490192	0.00189957199774443	0.00476856348870474	0.0111453345523697	0.00612319685050106
Mmrn1	0.0741925765677343	0.0473540149292579	0.109502314477048	0.0307660689442775	0.0633094288123976	0.0815123217382504	0.0586636208088438	0.0535152161499519
Mnf1	0.00595374675705972	0.00445327001064822	0.0197651392274594	0.00253452248694221	0.00758535347333173	0.0100240353406014	0.0195968624865622	0.00540359350436175
Mrps16	0.015086104250822	0.00473947953923457	0.0238936267841991	0.0157697093051855	0.00963137000569988	0.00969667764904169	0.0105191919195341	0.00790080920246517
Mrps6	0.0250015250403987	0.0229863229427885	0.00593835316571724	0.0162570539697784	0.00558012225830466	0.018476659459117	0.0182356193540539	0.0224298679374282
Ms4a6b	0.0275646696265143	0.0114443923968349	0.0455455682665169	0.00437491206587597	0.0351798527484789	0.0321519169624852	0.0228271953974814	0.0279445230921634
Mybl1	0.0415430531270804	0.0646825254542182	0.0904353535477381	0.0200226660573312	0.134111878727459	0.0270772332532773	0.179823394092838	0.121199385800682
Myh11	0.0233522465607153	0.0203085170865003	0.00743968614993975	0.00675571823046799	0.00559096197691216	0.0210351498722825	0.0129709162458789	0.00993412303115215
Nck2	0.0129587738452981	0.00664113538529744	0.0107293838580483	0.0146927037589453	0.0124557541897909	0.00260188392047392	0.00543080492032236	0.0203556051290741
Ndufa3	0.0227631871255538	0.00762787768465442	0.00907113030427057	0.00820236419901267	0.0106027990897543	0.00628870923357032	0.00401220847523848	0.0158449024106815
Ndufa7	0.0492951863446869	0.0476325876065893	0.120447685325417	0.0123424970519971	0.0158741501663719	0.0325100974279888	0.0263231898072316	0.0505105226452962
Ndufs6	0.017139738806299	0.0110572024248741	0.00426412891231439	0.00676142102414857	0.0181754266713671	0.00431189145802276	0.00472805618007827	0.00689310700906648
Neat1	0.00759453718917949	0.0021349298257403	0.00274535848191807	0.0132469370139232	0.00391116801261226	0.00609652117592251	0.00761266916030321	0.00732516490890764
Nelfcd	0.00660851152730298	0.0133181396146727	0.00848781004934831	0.0159065497017117	0.0067940167043843	0.00750155473480593	0.0185358607833474	0.0108866475674327
Nfkb1	0.0169064941768575	0.0112684934236698	0.00913053425780631	0.0242196220813082	0.0191197620694467	0.00294566459626449	0.00486646842759976	0.00456662073401076
Nfkbia	0.00849582402747773	0.00150115220781904	0.00249867541307626	0.00555718765719792	0.00502520951810417	0.00686079290476928	0.00300330773996532	0.00527907674434773
Nfkbid	0.0185948869756332	0.00439285808575472	0.0208889390858767	0.0157072961471129	0.0144542436085925	0.0172322972979899	0.0270372250554636	0.00707338149644374
Nfkbiz	0.00220161419933454	0.000679908432550769	0.00260696621777189	0.00168137784796262	0.000539608023952881	0.000499799962765747	0.000685636360452105	0.00322334608406933
Nop10	0.0268693925497178	0.0206012440530103	0.0241484139696078	0.00909297535164127	0.00902644836563229	0.00807687176971249	0.00674173281549005	0.0199647107826972
Nr4a2	0.00446967064700611	0.00536622788812379	0.00604259836258286	0.00270255571881666	0.00171552847900493	0.0130623025422201	0.00154658364934913	0.00304396937355037
Nrp	0.00970793856454066	0.00767476623080604	0.0140816663319272	0.00999386600127257	0.0110329360144438	0.00667633205574979	0.0231302790820704	0.0192393989557075
Oas2	0.00240233328216988	0.00226859390146375	0.00763166535716244	0.00519088864394607	0.0024086397377932	0.0028400199422564	0.00627826774188558	0.00250726140094995
Ogfrl1	0.0167924424747483	0.00606287342324418	0.00293572981452324	0.0130354093015667	0.00449468171231066	0.00298179895099372	0.0046136026854615	0.00282633301965671
P2ry10	0.0226209308947935	0.0440166925245672	0.0290637611581012	0.0242327760496627	0.0188455013276484	0.0474598971559279	0.0134778675519567	0.00868458300760568
Papd7	0.0101157663857803	0.00784779107512797	0.0376600070170317	0.0358133763937048	0.01398026398172	0.00517895831933598	0.00542746002712187	0.00995772060417875
Pfdn5	0.0298628494168257	0.00826699153561568	0.0168634019475429	0.0216781917160137	0.00578632042633321	0.0433911562087087	0.0153539074991378	0.0140713489629439
Pfn1	0.0813947150134139	0.0622892942112485	0.0505187776804619	0.0231987365841698	0.059623482956627	0.101753141737488	0.0516662305170418	0.0648935071923683
Phactr4	0.0143405199916171	0.0173048612159716	0.0158389898156004	0.00847537156223529	0.0039523159174874	0.0366916299287512	0.00950178912154724	0.0365061375990534
Phlda1	0.00144939412836377	0.00265362940383244	0.0042461962875519	0.00188460648047756	0.00387460493050031	0.00794278186510678	0.00458477083242694	0.00114308916254683
Pim1	0.00204585431487546	0.00797042648570565	0.0167378239040845	0.00291575584198353	0.00607013801563876	0.00180801788296659	0.00483509906824072	0.00839453700072866
Plcd1	0.067186779343641	0.0756941009079854	0.0172618132863243	0.0377393648515664	0.0411831097306691	0.0982451285976848	0.0553352229912215	0.0691926362119918
Plcl2	0.00498657910946862	0.0230075463274635	0.0183516755279331	0.0114906839072502	0.00831110716853488	0.0621715660546027	0.00803835770251455	0.00497045142089517
Plk2	0.00368698709036642	0.0360182997481875	0.0163479936397818	0.011775333176868	0.0144352613595719	0.0146329900041775	0.0214853201363972	0.0125511237467022
Plp1	0.0316883276445546	0.00919688844945765	0.00886570495817519	0.00785877845777708	0.0358203454587514	0.0350231321984836	0.0362560943121714	0.068448883251269
Pmaip1	0.00198629287388467	0.00166941805724724	0.00182553597802892	0.000953490505352669	0.000511656446529978	0.00236174639215673	0.000647718328754798	0.00117735055191178
Pnrc1	0.0084072127729753	0.00389162197922558	0.00874109873284664	0.00326167243181467	0.00491592565189363	0.0103242364564323	0.00245086348874264	0.00619823617312382
Polg2	0.00638382085419318	0.0031692247302679	0.00216590399607697	0.00396062121104717	0.00679160286409638	0.00130573476447186	0.00232861929341714	0.00529124492130629
Ppm1g	0.019088714430366	0.0212195806505736	0.0201668077330671	0.00653379161950891	0.0200585310379568	0.0162333497754449	0.0155585370398762	0.00673241418445306
Ppp1cc	0.0537672636401993	0.0819597152086678	0.0584206506713131	0.0436769375558943	0.104821739307394	0.0461719729701034	0.019406960321384	0.0275470952678941
Ppp1r15a	0.000425367843179203	0.00573632795171601	0.0017291891400343	0.00280790579036585	0.000648571444909524	0.00110886930181767	0.00495799304154417	0.00296671718794519
Ppp4r1l-ps	0.00604652382143959	0.0238169527901965	0.0127906862401852	0.0356061465013017	0.013196347441024	0.00956275411544392	0.0319635406086936	0.0324078174500039
Ptdss1	0.0586570921651203	0.0141631656066709	0.0255047238285191	0.00915159794590649	0.0349188228559177	0.0213621883408877	0.0573784647443887	0.0587764486720619
Rab11fip2	0.0290596239865218	0.0183811932826042	0.0231853319412952	0.015390842830185	0.0304890282139006	0.04594215344654	0.0318406628177033	0.0676429580797319
Rab4b	0.0128162197450262	0.0851667274195917	0.0677448447298911	0.021007334946411	0.0531511087060178	0.0227576634953463	0.138532259663683	0.0222591868676803
Rgs2	0.019430758148685	0.00411807547915743	0.00529126848839892	0.0235773859814252	0.00225523810330577	0.0103828393281631	0.0125871403388048	0.0116567337262489
Rhbdl1	0.0872555180485539	0.0369138853515187	0.0236489310878308	0.0205093232735885	0.0359952097565705	0.0219915428250433	0.0215835511803956	0.0548935678672681
Rhob	0.00414992278062266	0.00237108723842911	0.00218903527325585	0.00520262408897372	0.00431586067553526	0.00277768863425565	0.00257572987738019	0.00657082607858496
Rhpn2	0.0837055193037791	0.0117953093938379	0.0748007377188454	0.0756223972442828	0.0441522226648066	0.0324789441331396	0.0206351816844763	0.0228653171675831
Rin3	0.0579521875081975	0.0464886469184906	0.012454297059476	0.0269180823286772	0.0446709736394032	0.0326325809160709	0.0477591107775539	0.0436296125980923
Ring1	0.0104037332925983	0.0332415625562653	0.0205173245523522	0.00567303102227288	0.00318138889023359	0.0087067236511136	0.0047457699544193	0.00254233280844428
Rn4.5s	0.00415507044567019	0.00933546407725294	0.00603751527417137	0.00306517465356274	0.00600039422753635	0.00238691201847268	0.00466342649353583	0.00383966092141577
Rnf170	0.00679776656372934	0.00800087879919839	0.01845468146491	0.0377840815943426	0.006323184532473	0.0507957519584924	0.0156264323113373	0.00993713216608346
Rnu12	0.00592067026273777	0.0042241516437643	0.00313092721717795	0.00183333756487778	0.0023497961155758	0.00130361882996767	0.0081828939166942	0.00575432327281068
Rpl17	0.134456578847577	0.0517466382010885	0.0722153567861394	0.0492739161399271	0.0404604576600762	0.0131236822479429	0.0183020713998082	0.0532525062827219
Rpl23	0.138091716210204	0.0322286902142156	0.0495676605877564	0.105941627197632	0.0322394372642126	0.0477831832173594	0.0180461235318013	0.0307895247705919
Rpl35	0.0275392010386856	0.0163576422494312	0.00977800335497845	0.00726945070493688	0.00286248905612037	0.00941776992947798	0.00357550277315798	0.00476243094566297
Rpl38	0.00748109577190558	0.0247324965254449	0.00856546946438299	0.0120193071056934	0.0087782088470106	0.00546248857296536	0.00746153964041892	0.0104825326130772
Rpl41	0.0469817294425713	0.0145275779947811	0.0264777224260502	0.00882228657688418	0.00982439978244568	0.0187447438685844	0.00515340367580631	0.0229618060676915
Rps15a-ps4	0.0181331057677856	0.00782101862224737	0.0125007926371545	0.00485040975099182	0.032547067294878	0.0114797863930965	0.00771766621716254	0.0103925303066662
Rps21	0.0102267679321341	0.00911830480392117	0.0198695063361302	0.00936149418647233	0.0026720828026254	0.00222480633399265	0.0121229100619115	0.00476768480529018
Rtp4	0.035401032805499	0.0115703141459086	0.0168161312390101	0.0268324912267705	0.0345512856426824	0.023228485604696	0.00580448765056904	0.0449962403833248
Saa3	0.0162509515239791	0.0118120043434211	0.0151576183823296	0.0215686074563041	0.0246731644811794	0.01646133204967	0.0316120948399302	0.0491159177124494
Scamp4	0.0475649456567309	0.0125900711202999	0.0305313846109673	0.0253160620235624	0.0220896516143289	0.00884299714909726	0.0584233696643383	0.0280059762322531
Sec11c	0.0989301293780388	0.0279552826231755	0.0248368357223906	0.00704081466259858	0.0129985181525629	0.0623884908647357	0.0176529031549233	0.0668254878289202
Sec61a1	0.0334855165527432	0.00933990675465069	0.0394319703061884	0.0393164388789876	0.0385080464550477	0.0238733522380717	0.00878653337110282	0.0273505608605836
Sell	0.0514560749230797	0.00710166952811072	0.0249588450471241	0.0199893666355484	0.0253373196114082	0.00669726026217162	0.040888326102811	0.0353021950362613
Serp2	0.0303103935833375	0.0382657667882796	0.0153726741588527	0.00621007339235787	0.0164536313373014	0.0340648547921622	0.077780736756152	0.0782542644901016
Sik1	0.00571527986148347	0.0065433501402106	0.0206374688271926	0.00786091119596138	0.00725021281436349	0.00703170676514752	0.0072130270284705	0.00328235854918773
Slc20a1	0.0116265037730565	0.0442397006945312	0.0125538533214472	0.0307391979805888	0.00760402597075569	0.0266436704866153	0.0264899555496885	0.0167703925271829
Slc2a4rg-ps	0.0137456488531583	0.00972312496276122	0.00414040391435029	0.0113617363962108	0.00815001328941537	0.00493794321536159	0.0101642136996725	0.00682657755906927
Slc37a1	0.00749697664978551	0.00599350487317023	0.00999967814092344	0.0158749428125358	0.0156919737655203	0.00520124707924419	0.0167474896580702	0.00985724440332326
Slc38a10	0.00591977573440239	0.0394023156470166	0.0048693965763373	0.00571511187824995	0.0299172278633046	0.0257632113536314	0.0251065029470291	0.0110703622502879
Slc38a6	0.0519686251716563	0.0317506416133525	0.0223048668471131	0.00698510193999705	0.019793989824482	0.0180484045119434	0.00929651336835924	0.0407996906792638
Slc7a11	0.0283305454950486	0.0580327341480062	0.0140743411348311	0.0437690590591648	0.0165097471207369	0.0142377068757758	0.0190720221918609	0.0245359097509495
Smarca2	0.0397517038077229	0.0914969158560168	0.010707149992691	0.021965631534989	0.0506860846235472	0.0477152595637851	0.103775214112804	0.00861898456378583
Snhg12	0.00644368684477025	0.00401292851495378	0.00230454541504893	0.000983198283432372	0.00225679062988172	0.00100988036150816	0.00511590225883443	0.00450032310234096
Snhg5	0.0183787139061408	0.00972020450354786	0.0132764765506509	0.00584433402886066	0.0148182846433143	0.0114731031987815	0.00382260335686564	0.0171212847137868
Snhg7	0.0226891437266026	0.00953783980277652	0.020023798193568	0.0165248553645991	0.00794068001128585	0.00358107946956641	0.0163362811549865	0.0278204544733811
Snora5c	0.0217287759143907	0.0102419251971187	0.00443526915981315	0.0219323015633384	0.027167314964755	0.00730302142118854	0.0376237201593418	0.0279389700029587
Snord104	0.00684438515879871	0.00875391462312757	0.00184644411888659	0.00174594221598941	0.0102106394188372	0.00805365554556107	0.00250261975480979	0.00144253730791327
Snrnp70	0.00532694198876789	0.0389711033809702	0.0323922791274454	0.0235648166960182	0.0124267131464517	0.0138829628327767	0.00794952237071736	0.0112837311434875
Sowahc	0.0177266250052166	0.0120271695544731	0.0443362281614179	0.0330805834058568	0.0276725573891092	0.00911037460844135	0.0061828060193035	0.010673553069675
Sp1	0.0435152508694412	0.0329542593914679	0.0705522595510633	0.0553142198221427	0.0872233720411639	0.0314650217303996	0.0815753152668321	0.111905164372219
Spata24	0.0389424190024381	0.0623161900468059	0.0197126680037123	0.0448733831887471	0.023516946415478	0.0281883165983701	0.0105572275048311	0.0144495275897845
Srf	0.0328331856523196	0.0070222024548434	0.0194572683498799	0.0124561490815771	0.00519473968798653	0.0312341208090546	0.0125905342356194	0.0232806475774856
Sri	0.0389546880961719	0.0496731456239401	0.0581523743357373	0.0196216895566911	0.0476199877751443	0.126467049642172	0.0395113355899686	0.00862602736073842
Srpk3	0.00820034603593211	0.00409782843302482	0.0135877599495781	0.0233639887814243	0.00603831442442908	0.0115074459266395	0.0282766258888427	0.0181176627315975
Srsf5	0.00298691557010459	0.00258233982059227	0.00366559430483606	0.0033317419587583	0.00534938273121293	0.00241612233254807	0.00471736999498084	0.00722639436660999
Srsf6	0.0146119842095314	0.0254416047900651	0.00999660532238091	0.0290206978407567	0.00530729348758924	0.0126292725591891	0.00564154029304551	0.0070959473102874
Ssbp4	0.0310302347189984	0.0286276994868831	0.0287247815901028	0.0201299427577214	0.0150706794710609	0.00885876519639967	0.00491378829878576	0.0150550004912874
Sspo	0.160061312554155	0.198963806433429	0.0837802439047138	0.0142932829756604	0.0263251416986671	0.0444856531656277	0.0881133264442663	0.0643451935855523
St6gal1	0.00649447629494806	0.014504205349965	0.00392668900516869	0.018383289101296	0.0069356264815939	0.00237753660485446	0.00946522913979798	0.0100729658485126
Taf7	0.0103126387515316	0.00261330592187994	0.00940690612380123	0.0124381694264248	0.00225873476882356	0.00627791720345152	0.00329631708720499	0.00788303631185204
Tagap	0.00494226846062998	0.0156222682768443	0.0091362278827909	0.0121002419890403	0.00256413664361781	0.0160037755929528	0.00298728334089216	0.00605848489503487
Tbc1d22a	0.0100988627288414	0.0149974650173143	0.0040211222837165	0.0253002129441683	0.00404988369371267	0.0174926261364746	0.0201757797376198	0.00798817976876319
Thbs1	0.0323004687427327	0.129643568698677	0.0268925001213341	0.0322138121051865	0.00966161027317931	0.039624633835746	0.0185616843455021	0.05177512580953
Tinf2	0.0258539127811484	0.00738114375475436	0.0071756653021154	0.0296253878105661	0.0097027278452697	0.00784308595485605	0.0105578052027173	0.0104572291636882
Tln1	0.0357984038917887	0.0101097515037527	0.0411536934840573	0.0280638197093878	0.030344438086326	0.0174958302462344	0.0187983242787532	0.0303062807547873
Tmem181a	0.0198709791342097	0.0217109617756959	0.00825529393098138	0.0407424608052173	0.00536969091946277	0.00776904084866769	0.0208365316250068	0.0139263157986766
Tob1	0.0120014520620928	0.0167825841534565	0.00431642546382167	0.0143435879281415	0.00827086736565358	0.0161816094316981	0.0141672674089877	0.0060497080045063
Tpcn1	0.0423366433807433	0.0366827331509599	0.00896889490564488	0.0172114438342161	0.0097425112804961	0.0153571145387939	0.0241126145456399	0.048744011458848
Tsen34	0.00204314950082758	0.00398626283164539	0.00377237795860572	0.0133355381878775	0.00827697770516137	0.0176923675535227	0.0103362205897207	0.00994741222209525
Tsix	0.0124643328653787	0.00668194587041118	0.00727755407292391	0.00499609187860185	0.0186303672202848	0.0107582760355922	0.0046335895925199	0.00339865395105876
Tspan4	0.021750375897606	0.0127931266534081	0.00341841078918887	0.0196177652073348	0.00622540688972189	0.0166302797440934	0.00591873862044838	0.0276973432794988
Tspyl2	0.00239378032732101	0.0105930100156622	0.00174632046144735	0.00570810984562958	0.00744246080402179	0.00639900317045132	0.00493770834337036	0.00387801627646015
Ubc	0.00212450169049997	0.0127417547513515	0.00460267413591414	0.015033991771782	0.006324733783547	0.00250289883151526	0.0197425876720398	0.011637045174438
Ubr3	0.0436408091684457	0.0241093179482931	0.0701079080525204	0.00966731878654935	0.0375295856565904	0.0410003879051336	0.0366307264036022	0.028369545472461
Usp53	0.0530931512701011	0.0538485145385899	0.0678406469571221	0.0234965704172126	0.0535797587442978	0.00594574910014563	0.0717536596419343	0.0730031088939817
Vamp2	0.0287398240161383	0.00762616007373811	0.00333643592726947	0.00669779392445098	0.00514824163040508	0.00970309443037865	0.00379045800012059	0.00523797259131483
Vamp8	0.0516774130802582	0.0361043788395952	0.00785815507778539	0.0297021618999584	0.0181955150783833	0.0219896859004634	0.0232668825887413	0.0236483572387776
Vmp1	0.00388412963603049	0.0112446248558504	0.00297582681686649	0.020658777905227	0.00451103918298289	0.0117885390519736	0.00910149040240876	0.0205422127097752
Wdr1	0.0205489171696837	0.0449966954199586	0.0753060402958334	0.0279983197409693	0.00698044338017059	0.00643605809878851	0.0729703889578809	0.0135010348060242
Wdr20a	0.0152794367232639	0.0272895621149505	0.0298061064409905	0.0486856099746706	0.0322416300145175	0.00604407149720187	0.0169197466977077	0.0119062583947432
Wdr24	0.00414016533431047	0.0182066502979382	0.00808990743347224	0.0367039361173639	0.00346731269944581	0.00458108411200985	0.00536256485154922	0.0222695035672718
Wdr37	0.0285321259773991	0.00453342371301433	0.00483408269688036	0.00298225094710713	0.00705556120317204	0.00840736542879715	0.00750885104133692	0.0096297150222013
Xist	0.000688782303773555	0.00143231603111894	0.000904720063049138	0.00285840632331713	0.00271620202175043	0.00288914926089805	0.000773986698684286	0.00136903357770909
Ywhaq	0.00808017341554418	0.0119656830626155	0.00535376491303873	0.016562313482493	0.00605040523727511	0.020230471845045	0.00757352195571779	0.0225973604184658
Zfp36	0.00129573806381091	0.00241727790109932	0.00465227380777913	0.00579568330375509	0.00136379447791848	0.000901530029232924	0.00623364992729347	0.00135639185257845
Zfp36l1	0.0196214496372987	0.018319229781225	0.00539892660293515	0.0182772629379759	0.00759861025395504	0.00363503047120455	0.0241770716489484	0.015825195739837
Zfp951	0.0135081482353809	0.0873599576620785	0.0105769985854659	0.0125784368344438	0.00654332802457304	0.0199723181490631	0.0422092932858934	0.0162791929832921
