Feature	MIP_1a_CCL3_Bacillus.S.	MIP_1a_CCL3_Bacteroides.V.	MIP_1a_CCL3_Candida.A.	MIP_1a_CCL3_CD3_CD28	MIP_1a_CCL3_Clostridium.P.	MIP_1a_CCL3_PBS	MIP_1a_CCL3_Pseudomonas.A.	MIP_1a_CCL3_Staph.A.
1110019D14Rik	0.0500418615477737	0.0770262328773413	0.0390460408472059	0.0110472188668824	0.053127091466043	0.107994185654099	0.0339253947366649	0.0360507592646901
1110046J04Rik	0.0193899550475468	0.00346441214519517	0.00717704431792444	0.0146835739179465	0.0190075734402984	0.00743967208438297	0.0329596823941008	0.0575037592953126
1500012F01Rik	0.000112629762897193	0.000235988484230706	0.00310983500727662	0.00187965738111714	0.0011057181588451	0.00085789388376109	0.00145122582258461	0.00230027669467028
1700008O03Rik	0.019016796257856	0.107005486232002	0.0223366300372391	0.0875157373560239	0.165257458457815	0.0652961583340846	0.0433365049996632	0.0895063705267154
2410006H16Rik	0.000170968381390592	0.00105860732329748	0.00230519222156824	0.000680194956182535	0.00320332154956002	0.000406604709617658	0.00118884102237711	0.0012995574993158
2700060E02Rik	0.0100334148358679	0.0125020712202579	0.0343709288573314	0.00555911191600577	0.0136790689277179	0.00743237008195332	0.00301608150221235	0.00322612843085549
2810008D09Rik	0.00105177661499995	0.000777714111586793	0.00120486590514006	0.00269830882530807	0.000353196550667057	0.000744337195420438	0.00147556869479776	0.00281354859924874
2900055J20Rik	0.00695290625832918	0.0163417769811553	0.00393952581369354	0.00149360242775099	0.0212160849713535	0.00510112944577529	0.00506296406618418	0.0109645689263422
4930412O13Rik	0.0644424967690296	0.196329686654312	0.065430251603343	0.0732341967302137	0.0496630952988051	0.0170510469516163	0.113143392079437	0.223611585784385
5530601H04Rik	0.0464175300345196	0.0300342411360017	0.0196043569167111	0.040714345906896	0.0208699744540502	0.0395906829661573	0.030325494158886	0.0583861291810032
9430008C03Rik	0.000158277816969046	0.00257348243012331	0.00166253943580494	0.00426372911049294	0.00564318192030338	0.0016630260647091	0.00376406036377709	0.00138108866133419
A430035B10Rik	0.00707867737007188	0.00824290325452907	0.0277678734686609	0.0230183195832241	0.0199355666304004	0.0138937208244721	0.00582968783611784	0.00872710670656282
A430105I19Rik	0.0270622275346675	0.0805009732967916	0.106811977901689	0.482280741577177	0.162997147206705	0.103161791917825	0.0573964027528851	0.0467077408963907
A730020E08Rik	0.00693133072825226	0.0101204109978324	0.00361624407300745	0.00530396850023561	0.00974023612916415	0.0089468752504579	0.0070758949776766	0.00374883235134191
A930013F10Rik	0.000718054545286042	0.0118807480366209	0.00837018785106381	0.0159147820062525	0.00721496759890354	0.00656292104764902	0.00762095675375254	0.00198412507619847
Acap2	0.00328666693657213	0.00515869994028626	0.00160985274160674	0.00142202539328686	0.0021597406393503	0.00381032222303212	0.00882265203997386	0.00523841438416169
Adam11	0.0299057396593722	0.0688924842154834	0.030558433116004	0.0085942452067612	0.0580616512353721	0.0453158272749725	0.0205725951601163	0.00840894707036191
Aes	0.0682689687564805	0.0571745449570561	0.0834684644931141	0.135851961678085	0.115073622329966	0.0658900143931684	0.0352261407260384	0.0983892046394409
Akap13	0.0190193514652011	0.0163917190702205	0.0145189081883766	0.0739815723444446	0.0129495080775295	0.0265860966118528	0.0604254847461584	0.0423421047149101
Alas2	0.00159267741752877	0.00164518974239402	0.000369121189053545	0.000690417976826997	0.00258818658369964	0.00119367065099228	0.00346580317033704	0.00609064542266432
Anxa11	0.00206693042346141	0.000364381595372538	0.00283401142109719	0.000947506803437559	0.00423141212575253	0.000363271609180957	0.00202237351542815	0.00362678832234878
Ap2m1	0.048612666224451	0.0444846851740461	0.170821981956873	0.0558848244192477	0.0618166091294125	0.0834308779520184	0.0297130751342994	0.0654527977129139
Art2b	0.00724990261396624	0.00361928750302139	0.0184276669774734	0.00449907130305092	0.00894603280891015	0.0130006838190814	0.0085872969043214	0.00761959997667167
Beta-s	0.00511010230113417	0.00576934986315133	0.00204974455686866	0.00127200165114329	0.0152678314615011	0.00173781478890349	0.0102695839834025	0.0181234615153377
Blood_Effector_Memory_CD8_T_cells	0.00683488623745366	0.00878919033316989	0.00703967963279046	0.00254505090796039	0.00418862615715095	0.00122831829528223	0.00585326473265751	0.00219751856333977
Blood_Naive_CD8_T_cells	0.00121696323387995	0.00310173497962745	0.00267878491217904	0.00135571004916775	0.00164606699703345	0.00183644061647839	0.00116126680509599	0.00137763328586804
Bola2	0.0022570692394476	0.000853965143086498	0.0205539886166511	0.00626084287866634	0.00553591701704136	0.0134507726725806	0.00579225092520577	0.0030079523467341
C530008M17Rik	0.0736422196282253	0.0219058087149645	0.129846419709877	0.273102929639938	0.106238054422277	0.0780330529039879	0.040902841365175	0.234026883977915
Capn2	0.0194516273453521	0.0230844255649442	0.0481385999897529	0.0127656215354565	0.021926847685058	0.0163587753107156	0.0688209240223176	0.0552248503921142
Caskin1	0.00834069072751997	0.0259824983903057	0.0196604305065141	0.00324764314592173	0.0198971919580916	0.0220482482708584	0.0109128331526363	0.00328105614366294
Casp7	0.00711359282664377	0.00738336965404914	0.0286282974610924	0.00157132001069149	0.00227416625010494	0.00456731761447215	0.00349414309944535	0.00338543682135815
Ccl4	0.0029493167686857	0.00390197517043534	0.0189886117441289	0.0150371662802323	0.00315273573091051	0.0120010327789362	0.0140087839075268	0.00824366513488331
Ccni	0.112966052655861	0.0317369729164637	0.0752773215428205	0.0335253657998422	0.196547442345056	0.122174499885693	0.141266192514756	0.0754763457497786
Ccrl2	0.000440460842558688	0.000313183048972052	0.00283780197002759	0.000449055659221733	0.000221421847306465	0.00328177444442255	0.0009405327356969	0.00168533048263107
Cd300lf	0.00481039621078706	0.00148427390944659	0.00442565070824897	0.00329878092630298	0.00359889154471283	0.00129018189616657	0.00331343357832448	0.00106459137910454
Cd4	0.0106171976266152	0.0019348256477725	0.0077200650384006	0.0100789087670489	0.0119932548021055	0.00658266921231672	0.0112880467544961	0.0114383613347056
Cd83	0.00133601880312919	0.00293441921954254	0.00403398002802395	0.00403604852787918	0.00201170785177366	0.00269589714391377	0.00234126378603223	0.000846653882708136
Cdc73	0.0134407987231861	0.0183559572285656	0.0042150215238121	0.00328658851829924	0.00709779337684822	0.0122935956753431	0.0148669331294272	0.0149043142337171
Cdk5r1	0.0134972349338012	0.00479203996451271	0.00607649524584769	0.00270218722617263	0.0043593101371249	0.0190120424974665	0.0142694404314125	0.00983590444921883
Cib1	0.0207140505961343	0.0059629258197472	0.0154640340697515	0.00372312705417907	0.00338113730959254	0.00759050305986665	0.0199675205640692	0.0152790658880997
Cldn15	0.0238509318771828	0.0508625547813853	0.00679561736192936	0.0425623308792521	0.0176538221175577	0.0189719988630371	0.0470927257289723	0.0629846848917706
Clec7a	0.00128254117425355	0.00759776468735984	0.00130610527397978	0.00826382401006994	0.0102923884203203	0.00414139759989801	0.00175274927172796	0.00254548074209603
Coa3	0.00610699959110905	0.00424021891765321	0.00574330311974701	0.00903327227699352	0.0171375669715289	0.00244405415929978	0.00500477434679604	0.00119036338405209
Cog5	0.0252250321419415	0.0142446736048419	0.00512381683551113	0.00418142825437099	0.0155778224827963	0.0377296053150274	0.0197232041178792	0.00895044011619145
Col11a2	0.0217052735755319	0.313471041965236	0.044238538081804	0.0601081843680223	0.0175843144298885	0.0267028546890293	0.025329327628808	0.156650243488046
Coq10b	0.00292792642974177	0.0101476040359041	0.0178079187042221	0.00622528349559515	0.00675533837976207	0.0106199527767501	0.00343979503184077	0.00693112097064408
Cpeb2	0.0216355875617339	0.00697699434370313	0.00783757035698228	0.0468672619593704	0.0331173534999456	0.0713693877957763	0.0207872646611971	0.0183162623433061
Cpt1c	0.0759621476797071	0.202815467766002	0.0695918436898902	0.0440843717812724	0.0359095526736158	0.0478172954547752	0.0666050156671089	0.188576828361252
Crb3	0.0233578724634081	0.0421605919756552	0.0298196835152794	0.174008718978494	0.0368751583969229	0.0732353499489145	0.0272376203899992	0.0388283870513051
Crip1	0.0173916176980788	0.0129657083777309	0.0139802682013014	0.00504151338958124	0.0448000090100327	0.00966496090989462	0.0216528100492681	0.016988591639952
Crybb1	0.0217186627640889	0.0257981697064742	0.129786446184914	0.232576095615967	0.0987309760902068	0.0395297751936122	0.0558791600215995	0.149876358626433
Csde1	0.0180284594986277	0.00608046914359911	0.0484919349283974	0.0381089679171753	0.0317361322944447	0.00660024273172809	0.0391828015214824	0.0319410523220471
Csnk1d	0.0352182812636838	0.0605289550321256	0.0435685899681032	0.0266157983517517	0.0156163493005333	0.00900667464193194	0.0654731068141921	0.072615613311442
Cxcl11	0.0158087982114256	0.00660706979033356	0.00658492020051812	0.00394010148372438	0.0224199966609138	0.00387673072151634	0.010600470225562	0.00884171439559232
Cyba	0.00768900921736947	0.0120266652219789	0.0533804349858742	0.0447920857540137	0.038741598856324	0.00737427586047095	0.00783962412943191	0.00839947795607526
Cyfip2	0.015505547900206	0.00299012603745985	0.00868195946472116	0.0172429741313699	0.0206732026590264	0.00433521928192547	0.00461465354901539	0.00389408382270586
Cyp1a1	0.0391583789205941	0.0614128749475437	0.0374239096407327	0.0353584904112457	0.330116092480789	0.0367539368106074	0.0129950818430663	0.0497870169593061
D_0__Bacteria; D_1__Bacteroidetes; D_2__Bacteroidia; D_3__Bacteroidales; D_4__Muribaculaceae; D_5__uncultured Bacteroidales bacterium; D_6__uncultured Bacteroidales bacterium	0.0047214486160844	0.0115884923571392	0.0152153762072544	0.0039130828751447	0.0119295344084017	0.00160738773562814	0.0090662419836027	0.00524498054633886
D_0__Bacteria; D_1__Bacteroidetes; D_2__Bacteroidia; D_3__Bacteroidales; D_4__Prevotellaceae; D_5__uncultured; D_6__Prevotellaceae bacterium DJF_VR15	0.0128750250455936	0.155990611920385	0.116549444190174	0.840556710976033	0.191492245076191	0.165305165956872	0.0232395477406083	0.0541712894463068
D_0__Bacteria; D_1__Firmicutes; D_2__Bacilli; D_3__Lactobacillales; D_4__Lactobacillaceae; D_5__Lactobacillus; D_6__Lactobacillus murinus	0.0040336372295343	0.00194149842260628	0.0140472056365425	0.0099042402113074	0.0115449988091184	0.00462650863351245	0.00180701980388109	0.00609517136710224
D_0__Bacteria; D_1__Firmicutes; D_2__Bacilli; D_3__Lactobacillales; D_4__Streptococcaceae; D_5__Lactococcus	0.0103633210320195	0.209905099007405	0.0327749859172774	0.0367508621601023	0.0269507659533289	0.0536431229618299	0.0060681619390631	0.016992760897377
D_0__Bacteria; D_1__Firmicutes; D_2__Clostridia; D_3__Clostridiales; D_4__Lachnospiraceae	0.00357401831238368	0.00118311286818169	0.0059400801897202	0.029769584371639	0.0155112369896604	0.00280638416501366	0.00407197636388915	0.00400264826482996
D_0__Bacteria; D_1__Firmicutes; D_2__Clostridia; D_3__Clostridiales; D_4__Lachnospiraceae; D_5__[Eubacterium] xylanophilum group; D_6__uncultured bacterium	0.000482419193670671	0.00713618543170995	0.00569950846397074	0.000889236802736619	0.00182602859935168	0.0020782364938199	0.00261386876526362	0.00138053863229738
D_0__Bacteria; D_1__Firmicutes; D_2__Clostridia; D_3__Clostridiales; D_4__Lachnospiraceae; D_5__uncultured; D_6__uncultured bacterium	0.000998314294495517	0.010214749906995	0.00537157878860464	0.0367213191563366	0.0175511072146945	0.00248000456662421	0.00621511226837416	0.0078024946244881
D_0__Bacteria; D_1__Firmicutes; D_2__Clostridia; D_3__Clostridiales; D_4__Ruminococcaceae; D_5__Ruminococcaceae UCG-004; D_6__uncultured bacterium	0.0422697183746957	0.322320449487777	0.0240137961078866	0.00697670151500394	0.0165129426024199	0.0212705971473015	0.0219321274452254	0.0185301710393529
D_0__Bacteria; D_1__Proteobacteria; D_2__Gammaproteobacteria; D_3__Betaproteobacteriales; D_4__Burkholderiaceae; D_5__Parasutterella; D_6__Burkholderiales bacterium YL45	0.00811491094050079	0.00219393723498322	0.00610286649933519	0.00304914503897831	0.0166348464765396	0.00153265963097629	0.00199054445046866	0.00493940701820886
D_0__Bacteria; D_1__Verrucomicrobia; D_2__Verrucomicrobiae; D_3__Verrucomicrobiales; D_4__Akkermansiaceae; D_5__Akkermansia	0.0446345803391699	0.149787619886393	0.0386397745699673	0.0880464327353937	0.0366435484528014	0.0694776408001357	0.0303628309729424	0.105941778627029
D8Ertd738e	0.0509259653840332	0.0157003437906472	0.0126171977827148	0.0112426340897055	0.0265039110421141	0.0735466052371868	0.0712834736486121	0.0414395346052012
Ddx24	0.00545514706149642	0.0188981522250697	0.0132409365406827	0.019790291909445	0.0388685528384618	0.0029720553288859	0.00229155013883742	0.00570772308997471
Ddx3y	0.00637163983247515	0.0232774570653348	0.0363855289502305	0.00990364565662318	0.0118839157152559	0.00842973805683383	0.00826486916742538	0.0140574011278546
Dgcr2	0.0386048433082244	0.0321930996427699	0.0102103291974001	0.0282239380804926	0.0125742128656311	0.0223691893741692	0.0288105264289527	0.0295792590032939
Dnaic1	0.0373945286835973	0.0129170988866737	0.0363440442192592	0.0456309757849786	0.00823515461134841	0.0517436696655933	0.0679894509581725	0.103775669240144
Doc2a	0.0299588532781059	0.0338715620549572	0.0271051018812024	0.00918356067056445	0.0432174350139753	0.0123859783780949	0.00311427115350624	0.0291615924446681
Dock5	0.017819272247146	0.0106819530862643	0.00798974274070527	0.0107618372518964	0.0108692646214361	0.0425309414927573	0.0132906891404744	0.00764004879068425
Dom3z	0.0177634284446313	0.0118895689503712	0.0174950526973219	0.0145410230839565	0.00301462792756397	0.00813100618804957	0.0102109340608182	0.0102706236266927
Dopey2	0.0227473908020354	0.0184837429412094	0.0159409899994368	0.00360607928449669	0.00854822474141259	0.00148635145744535	0.0179108048312692	0.0139802264442789
Dusp6	0.00396891819674208	0.00347382737973672	0.00681631902244162	0.00401355178603	0.00290517112590779	0.0011572967828103	0.00610996106778991	0.0066308040803502
E2f2	0.00859569232825897	0.00462636396135121	0.000959417983773288	0.000880427340387438	0.00192076706597869	0.00541214726231799	0.0061192990899625	0.00662158437639872
Eef2	0.0033729044465808	0.0362635478981301	0.0446998338269277	0.0247888594893079	0.016061223575755	0.00701786073785722	0.0129481978352167	0.0314830047841512
Efcab12	0.0745078687431069	0.070787773707592	0.0957998162426205	0.0616976588667685	0.0727006379305052	0.0780306236499928	0.0400214639205696	0.04690934343151
Eif2s3y	0.000553750593901818	0.00315266819921279	0.00694244697189884	0.000727845281822674	0.00180169382403453	0.00257180279793437	0.000794517641327665	0.00182061314241616
Eif3f	0.0012622499609037	0.000171802205298904	0.00609290730485054	0.00111958844968954	0.00268081844287212	0.00161519987502255	0.000829212253214819	0.000361366966898819
Eif3h	0.0439589490578843	0.0322927206340078	0.0124114502217328	0.0444957725127886	0.0587443989723823	0.0466101327234291	0.0961889635113904	0.0456893387224647
Eif4a3	0.0192103064384034	0.00949798279712181	0.0244953429521163	0.0140426315691404	0.00595075967277875	0.00348012172015399	0.0313162423878851	0.0325849129375836
Eif4h	0.0052506317856541	0.0066057668889015	0.00582090691504463	0.0025397620933258	0.000946922580817313	0.0112202963075361	0.00120403173109613	0.00844873509891408
Eif5a	0.01681279105704	0.0191135009204916	0.0238516960651872	0.00628726675049437	0.0315917770591305	0.0230551706099615	0.00709000634796875	0.00340263057739846
Emc3	0.0213122725857759	0.00710623992239126	0.00389594089377451	0.0347567498207373	0.00176347470766889	0.00654714854891736	0.026901933539727	0.0209821868928823
Emc4	0.0141347363891522	0.00467707839463152	0.0139946407101747	0.00456642216733332	0.00516131103957991	0.0257148927623362	0.0198314195989269	0.0333278322393849
Epc1	0.00258263043834439	0.00288960629783322	0.0145252539377842	0.00133014502928888	0.00185475625863297	0.0051021047657386	0.00693224767086429	0.00907417138136982
Erdr1	0.028638577172163	0.0451198720916973	0.0898616144724005	0.0119333156063705	0.0456055834654644	0.0118544089507918	0.0321949495957317	0.0411194612179447
Ets1	0.0268335886926254	0.0250998763187483	0.00327257182066814	0.0263050338016482	0.00540201093095957	0.00462238621870923	0.0361307064844368	0.0142903278200365
Fam151b	0.031097600079358	0.030889354588549	0.0105518561246007	0.00916176875042008	0.00768261777638869	0.0443405785828153	0.0119664818431927	0.00440543719799346
Fam203a	0.0119985572564913	0.00591050435242323	0.0282421155471159	0.012253044885268	0.0198177800607054	0.0247250977753662	0.00380379840505006	0.00848628368040685
Fam98c	0.000164742336057764	0.000269903794791165	0.00277844653518054	0.000136788338714534	0.000257609221873164	0.00250455742593589	0.00179040742662555	0.00427117209352758
Fbln2	0.0155019695281503	0.0275749047211851	0.00813999268760833	0.00286203338857694	0.00406900157698259	0.0140492011057454	0.0284833811958281	0.0309128951620472
Fmr1	0.000511097140836229	0.0148253832137646	0.00128051069124689	0.00135818415144897	0.00301154426908504	0.00145177640325232	0.000424045410282413	0.00193151113892958
Fndc3a	0.000149516274333737	0.000290757752868335	0.00453800777552166	0.00148682632057071	0.00244856476959618	4.56487189899462e-05	0.000613488520818626	0.00172584695665085
Ggnbp1	0.000334903981460656	0.00573800134356362	0.0124518992689196	0.00475555232964715	0.00538524277575756	0.00098190544980934	0.00705835061053949	0.010442621574121
Gls2	0.0165668466165947	0.0122702587136325	0.0197298476543556	0.00389637319887761	0.0148148123522162	0.0148302237846472	0.00684924287571009	0.00463927667687454
Gm10845	0.00698330963074155	0.0394556460734525	0.0873360310740759	0.0125703095088607	0.0126397018343589	0.111104136883994	0.00478906687786465	0.00797466366641477
Gm10863	0.0114415419685345	0.016313892108153	0.0292057718139962	0.0120139268356795	0.0194565172596132	0.00848621607973317	0.00939943025104456	0.0144896413553802
Gm11602	0.00422207610749282	0.00293254012356589	0.00415555558158359	0.00200421732941453	0.00465891915134516	0.00229396451211629	0.00145907648469739	0.00191454223321548
Gm15446	0.009234641296631	0.009435193053316	0.00452689049033668	0.00505743824294411	0.0231098408836506	0.0194166297576304	0.0102262228429702	0.0167409564024335
Gm2848	0.0204396445117838	0.0461684752793611	0.0197276243637399	0.0253970370267929	0.0141326407107794	0.0190452781585606	0.0226414451179141	0.0199316008324437
Gm4285	0.00528843457181066	0.0085740488440136	0.0040734139695846	0.0224243303653678	0.00568715185317165	0.0103577006230758	0.00512872392851366	0.00566485819249551
Gm684	0.168559522673604	0.300473371810642	0.251668384940483	0.408562706540324	0.119568829039258	0.0825299974079326	0.0792177721222162	0.651696877392169
Gm711	0.0496754074531656	0.0174729449772721	0.0929096572006643	0.0394156933758668	0.014575677138619	0.0821341308386964	0.0522581249509697	0.0602625291401267
Gnl3	0.000993540792178163	0.00308958055695087	0.000432461896913611	0.00347832716417658	0.000322631322994602	0.00109841691793615	0.000235618767613163	0.00162478873427731
Grcc10	0.0131795895994891	0.00280095313402962	0.0115326900862608	0.00931735654893835	0.0161085182787805	0.0111789500469859	0.0230239655948317	0.018474479809651
H2-K1	0.00754748320417173	0.0026953657736513	0.00671338800941994	0.00493719833115871	0.0215026572690954	0.00118068851568259	0.0130932930443653	0.00558562767782742
Hcn1	0.0308391891241077	0.0483144428079346	0.0154180792025652	0.154934020880239	0.0822899160372893	0.0384287326666483	0.0463183628213236	0.114109553299106
Hdhd3	0.133482941709829	0.468421157382729	0.128144987679507	0.190675137580434	0.0649530288384304	0.152460187733784	0.160900248363045	0.251897327507439
Hemk1	0.00268325012738779	0.00374608003119591	0.00100778156332304	0.00204694194217803	0.00243486524858733	0.00297687632176489	0.00324884635273592	0.00136048974641418
Hgfac	0.0684692650227982	0.0900997266868871	0.0482173810670335	0.0233500659575661	0.12904386889819	0.0285226507268015	0.0719580538164231	0.119056379974461
Hist1h2bm	0.020156999251497	0.00643117975490651	0.03025898857023	0.012402813120685	0.0570179042238551	0.0769086518551741	0.00653189250622344	0.00978942579081141
Hist2h2bb	0.00417176935066879	0.0454036250618401	0.00422398835515466	0.00395305584760753	0.0371430587818634	0.0100488206276289	0.0135828774282118	0.0230980956990142
Hnrnpa2b1	0.00294339050167328	0.00337852711934832	0.00498492430708109	0.000302994770654722	0.00233479603509	0.00225313344269839	0.00448075589301309	0.00553935060428593
Hps4	0.00180637448736301	0.00360513815343266	0.00117510799046837	0.00860443170032608	0.0020284298757755	0.00615220476726674	0.00474198384741093	0.00612114443374352
I830077J02Rik	0.00445782446443648	0.00316609278250419	0.0122447148552945	0.00515556959407935	0.0198272626904506	0.0128389419257405	0.00410317397062586	0.00773656500118437
Iars	0.016296093515413	0.0244715228497258	0.0165361143132756	0.00458414963779156	0.0184478782547789	0.00689897012219104	0.0240476500291285	0.00844933396101652
Ifng	0.00315572452779365	0.00755136948347261	0.0504445844953314	0.00473199620808802	0.0240736607737528	0.0136389978879472	0.0117987013543566	0.00888265430418388
Igf2bp3	0.00245015095177263	0.00347090621728387	0.0157850490393535	0.005412702727332	0.0261432579420046	0.0149095023694837	0.00420678024354599	0.00608609662625827
Igj	0.00190445108874252	0.00764343431580517	0.00762340704856918	0.00964363725232085	0.00514046321134217	0.00915088693329646	0.0142668813472099	0.0179009853760559
Il12a	0.0368736242254032	0.0107951335875437	0.0060943557445533	0.0432126043816827	0.0236660028719922	0.048363219339828	0.025437741035361	0.038003643093723
Insig1	0.00800917975786771	0.00971757538776726	0.0265349363962865	0.0136091042865961	0.00549500451014093	0.0201514229114771	0.00781603487952461	0.010299993283022
Itgb2	0.0269218609525228	0.0396155454935458	0.0122081408533158	0.0148610188394941	0.00630991995145548	0.0587733018849218	0.0477243480821811	0.0772333879330001
Jak1	0.0215967856978672	0.0524884438744722	0.0143764724021811	0.0743210489938977	0.09635802133527	0.0768444712164022	0.106546243588861	0.102385344109931
Kdm6a	0.0101714171530224	0.0167604244873398	0.00745317588519727	0.0109501266495405	0.0456827669011852	0.00640499450654816	0.0280784665763124	0.0166973387460781
Krtap16-1	0.0160098711019934	0.0613205904585162	0.0205147178762312	0.0231912903864548	0.256978017832561	0.0243201652364585	0.021906418404078	0.0225040688691105
Krtcap3	0.0052933776730183	0.0037609675705986	0.0129231370656227	0.00303680534198244	0.00704632099877294	0.00150395670330857	0.00132348838219327	0.00750916887095333
Lgals7	0.00135179844723003	0.00041763268017218	0.00127811432303887	0.00161305072078311	0.00181791583613976	0.00149728780398116	0.000391067262356933	0.00333592237761578
Lgr6	0.197068395918073	0.0945835789671614	0.113526546873284	0.0230250601089093	0.202036114994448	0.23061404181291	0.096923200204788	0.178740682472147
Lrrn4	0.0535261008819486	0.0454558673605375	0.102362705170467	0.0536160568043008	0.112805745987486	0.0120111242745431	0.0320146393327092	0.069681705188228
Mboat7	0.0317849434513702	0.0300452825459742	0.0128675618612691	0.00985501591917753	0.0175767804739499	0.00351975615485383	0.0329945881343174	0.0399883539188276
Mccc2	0.0066143039232043	0.0151995666943517	0.0164187275088428	0.012577274426695	0.0025894383630842	0.00667764799858552	0.00623817981799741	0.00131264843589833
Med24	0.0476393974877256	0.0460836832341097	0.00838273136562101	0.0237957369637653	0.0610770848083758	0.0324989938582584	0.0926368590946341	0.0472756736136964
Meg3	0.0107225738348252	0.0147346068270333	0.0282624102402446	0.0311210643612631	0.0414719742380424	0.00483488406774028	0.0125214601418796	0.0461823192507572
Meox1	0.04238616176817	0.0350119649596147	0.0315127901190886	0.0623921076345484	0.0164888820405877	0.0238592283091066	0.103357551522194	0.131037605456186
Mff	0.012856888146925	0.0294772625859147	0.00593949074758447	0.0426106991522108	0.00973546954597116	0.00492209622706851	0.00378550814180305	0.00317515456940665
Miip	0.0035888897879028	0.00318746425105772	0.0106357995642011	0.0126656469547541	0.00391086195974048	0.00744624213816985	0.0101228081150039	0.0117289009271143
Mir339	0.0138308254191561	0.0136750496790076	0.017159197793924	0.012140037687225	0.0109452177457491	0.0119456292442227	0.0149861883080903	0.0439227353135044
Mmrn1	0.00145905000100623	0.00446628242504761	0.0118767666711159	0.00176018525280297	0.00833076177809821	0.0115324399880489	0.00121663806594988	0.00126448781780504
Mon1a	0.00597186384124044	0.000682434270814352	0.0032279792818105	0.00190755714615498	0.0034602223400326	0.00273692055116622	0.00573321577148217	0.00494063180470761
Mrpl54	0.0029800530564945	0.0120803711728506	0.0245727166776532	0.00730707817627305	0.00371813933636869	0.00464301327752233	0.00802777701188144	0.0129133636035273
Mss51	0.0399966775165265	0.0704339769592254	0.00605264634989666	0.073949885339757	0.0298325885726839	0.0118351303854259	0.0397543139076038	0.0743666987917957
Naca	0.0539432300990986	0.0405816052505677	0.00437224438499501	0.0487662481458279	0.0609450729936646	0.00841519080646927	0.0764814512530246	0.0570194093116034
Nat6	0.0219813311838578	0.0229456645292126	0.0137438730731395	0.0282984674057215	0.00650101829222296	0.00667086218396278	0.0453849095497156	0.0279004944511131
Nbeal1	0.00310839831393615	0.00829675634458995	0.0114735549434412	0.000468340121776497	0.00192265780948294	0.00450622629106368	0.00655273255321704	0.0049173507246377
Ncam2	0.0238389974381975	0.0257622285453217	0.0459868620816379	0.190414283627401	0.0253377480831349	0.0179893887859946	0.0115816691240358	0.0854296598747422
Ndel1	0.0261867394485946	0.0166883382419847	0.0223628740233058	0.0137712905870711	0.028111613957109	0.00335238957716625	0.0492736537158957	0.0414901859205127
Nkd1	0.0181082682884444	0.024142315699614	0.0597153658520666	0.00971168864641213	0.0262750191522991	0.037450234720505	0.0151244542785479	0.00616672516104654
Nup62	0.00420495074546805	0.015673737096975	0.00529513924830036	0.0224945144449435	0.0154982083223811	0.00690277171975869	0.0118635410502029	0.034790649592257
Ogfrl1	0.00881606506380187	0.0147672092107583	0.00273949838342841	0.0305183352490141	0.00297131777596897	0.00898238308960665	0.00909567666898004	0.00793273535831609
P2ry10	0.00721755321369713	0.018519835587401	0.0209235472549157	0.0323327441577595	0.00598677525734062	0.0201501046695964	0.0247307682363905	0.00570875493780437
Pafah1b1	0.00132793779715108	0.0036879596559312	0.00700847438369399	0.00743266209782927	0.00162493815504114	0.00173217488600809	0.0118275474845913	0.00413605573415616
Papd7	0.00978046758781361	0.0172075207903886	0.0234959149454359	0.0625272922035007	0.0317404361438052	0.0351545219987666	0.00516804206387894	0.00867811073988757
Pik3c2b	0.00334183892853987	0.00538291678379685	0.00154878708534311	0.000649028864116054	0.00274643098288002	0.00104313417871666	0.00385510890420226	0.00307723002594263
Pkig	0.0114611460250695	0.0142252842582241	0.00171499819193969	0.0012278852955029	0.00165187690546347	0.00570445665644114	0.0074326714178811	0.00631571980077053
Pla2g4a	0.00551383975956497	0.00848732191607655	0.00893046155056332	0.0298410851621423	0.0154837388263019	0.0201806066240597	0.0079979183542642	0.00571539927895392
Plcd1	0.0231569819379654	0.0177248950859772	0.0158003506105702	0.0175395922356807	0.0595828449947679	0.0822600776359989	0.0066688119439548	0.0225872588585137
Plekhg5	0.00683837991204819	0.0322815739484095	0.00408026032598631	0.0947092750718464	0.0325468610289273	0.0233291721488534	0.0150347335224065	0.00847159184888777
Polg2	0.00100084028314474	0.000653619102644885	0.00216658712543746	0.00299270488456932	0.00367415919814213	0.000231432874651242	0.000915349556973438	0.00247081329395463
Ppm1e	0.041951342664778	0.061802968109407	0.0649228217433059	0.0223615039299081	0.113518784149968	0.0140897038239033	0.0692400346169582	0.0304436523930093
Ppp1r7	0.000786292911869501	0.00126608794654711	0.00170732039749803	0.000400311946563337	0.00229295830711133	0.000793400410618399	0.00215601526017684	0.0022435290509428
Ppp4r1l-ps	0.00483016479905621	0.0151230183394681	0.0327521122122975	0.0223972985103061	0.00557033105064462	0.00715083079434792	0.00572206970098674	0.00651843588014886
Ppp4r2	0.0145499367552853	0.0195584380659321	0.0154604611539965	0.00280767155115187	0.0165850418658151	0.0125302603425955	0.0280576721480941	0.0346124794811367
Prkca	0.00846763855776314	0.00672940430671444	0.00925361745048805	0.00200619392526303	0.00817063385926752	0.021248009733053	0.00177843997646998	0.00690964532960549
Prpf19	0.0499451574526566	0.0250647703181379	0.0353265299841345	0.0505323425990262	0.0161707324699407	0.0139225758818464	0.067269018017469	0.0511880720279946
Prpf6	0.00318358493412154	0.0197597381744679	0.0112132113323823	0.00793856846165735	0.0240049470993624	0.00776128690189726	0.00806236282205291	0.00638908823461784
Ptdss1	0.0302522699528554	0.0243380316663979	0.0140619167881158	0.00300002329364242	0.0315813850471638	0.00547256818476139	0.0332636870417094	0.0444377103508152
Ptk7	0.00752435763540135	0.0112352475021272	0.010790942385514	0.00488040367583363	0.00633998886857872	0.0052824023757878	0.0280161228227117	0.0376526761514443
Rbm41	0.0284927732830199	0.0596036799947837	0.0482277775288603	0.0332038490344861	0.0705766956272978	0.0310336809825768	0.0238278983403177	0.0293682637075562
Rhbdl1	0.111811007183625	0.152987797216031	0.0654439331591841	0.0434336620952461	0.0927016758862344	0.0796989112891768	0.0518767327347709	0.0803067200912737
Rhebl1	0.00186889049353068	0.00359788830119668	0.0090146848037507	0.00208792782290314	0.00244509615268988	0.00221837831168643	0.000565595847525531	0.00178517573716198
Rin3	0.0158321344806904	0.00355215576501693	0.0148866312522184	0.00537229870695369	0.0187680548733692	0.0137168840121301	0.0184418175115355	0.00708271486557078
Rnf152	0.0326832878139238	0.0153684229220644	0.0251339656435326	0.0252417263618463	0.0281011640344173	0.0336634457072885	0.0322287381935788	0.0415203157706529
Rnmt	0.00427908537859281	0.00272714302366174	0.0055520585782069	0.00265517081453927	0.00477370728969761	0.00119496061502193	0.0137248164208501	0.0111207062356043
Rpl41	0.00289030729056106	0.000271717217800181	0.00286373245794394	0.000408592236434664	0.00111439893300348	0.00143144126644941	0.00442410964872671	0.00486464277065869
Rsbn1	0.00202305115666151	0.00490359194056379	0.00316568043250485	0.00116943683788403	0.000897633233187258	0.00419624588389076	0.00447127121963525	0.00338855123825615
Rtp4	0.0103956269468124	0.019266440150909	0.0162716502040186	0.0250947319757391	0.0119216038233051	0.0157049491317324	0.020097793143585	0.0206630276585232
Rwdd1	0.0027014067403864	0.00137015165900474	0.00161913817770083	0.00025920076832185	0.00297547552100037	0.00071124791286722	0.00448962306353317	0.00296631142059853
S100a13	0.000425995176797188	0.00149164997479095	0.00145967462598575	0.000870152684149534	0.00246277975349393	0.00175260123251408	0.00204410692201054	0.00248034094585587
Saa3	0.0258464750156013	0.0396721889020141	0.050919387091853	0.0150735858292213	0.0352574072773432	0.0157844257103435	0.0222512832393379	0.0502451393074759
Sacm1l	0.00472101978874686	0.0169328092764308	0.00212342251993914	0.00137298752952791	0.00397692869499784	0.0152278334037796	0.0147709847019269	0.0214580906904397
Sdhc	0.0205851051704837	0.0090923102427521	0.00641614071771004	0.0126594786476262	0.00700849848794512	0.00855643613581295	0.0146591054282647	0.027248189172177
Sell	0.0102617264893687	0.00413099557031725	0.0376685897432604	0.00368822568872649	0.0171874387755794	0.0121707181242939	0.0237409084589935	0.0135433954402511
Sema6b	0.0112288833542536	0.00942814227866737	0.00891838022091999	0.0154653827491411	0.0237844742208511	0.0456135934240009	0.00338688182413382	0.00497156263283554
Skil	0.0203433738551319	0.0201129650198413	0.014402096912429	0.015596840801292	0.0144172788339343	0.00551978671552923	0.0486709216452941	0.0215636303999601
Slc33a1	0.000591208501418493	0.000800462986961658	0.00102785934622967	0.0107029700505615	0.0069226228549307	0.00192944987829857	0.00162237484683598	0.00241866748226024
Slc38a6	0.0505039266022279	0.0654962408236475	0.0269078864391143	0.00682631733276689	0.0484615032848424	0.0143708088977727	0.0315409310590376	0.0400109375639753
Slc7a11	0.0147274502976032	0.0275979929295416	0.024570793557083	0.0164171858239079	0.0104543364346415	0.00408619088492103	0.0064235468113768	0.0130568177497723
Slfn2	0.0104427436518463	0.00208918696933485	0.0011388349706695	0.00127960067104454	0.0012392193312155	0.00235576634491468	0.0113679421760339	0.00877260163080671
Snhg7	0.0134573990063766	0.00509809695097564	0.0382202238192507	0.0261666023412056	0.00255240130174508	0.0120448855834757	0.00177374392856946	0.00256664423471359
Snord49b	0.0160724979771486	0.00766374794489891	0.0398497944054575	0.0314461592421325	0.0145355608737056	0.00815097647641104	0.0226511161234755	0.0323641109289554
Spata24	0.0290878137097686	0.0181929558685735	0.0457383401265911	0.0539942897783111	0.0230273072258554	0.0615631591251371	0.00685594158193552	0.00742268749920963
Sptbn1	0.0627768172125978	0.0165539386128844	0.0391875543982304	0.039678880612147	0.0147066597486628	0.0155421489975827	0.0883402024036966	0.106851301597363
Srf	0.0195488615861968	0.0217614769048637	0.00874259724094344	0.00938785451204951	0.0187982186701109	0.0141499354028884	0.0245903149203413	0.0231915671264997
Sri	0.0295240630100356	0.03731904892148	0.0313673874561284	0.00977101564173827	0.0755135649765914	0.0583369677851515	0.0312323710968481	0.0159055439258891
Ssbp4	0.00389059016463796	0.00237669453487021	0.00306306500926662	0.00259609275943455	0.00109581485963016	0.00219227638413754	0.00620644513829728	0.00340104264008891
Sspo	0.168480118431564	0.150421849214027	0.264574616029018	0.0414222934469957	0.130200811488703	0.193691706025114	0.0998277831196292	0.126011606083475
Stard7	0.00439615301529832	0.0227119617783768	0.00255339458820643	0.0110411560257421	0.00526602147116377	0.0446834563047374	0.0205308417904679	0.0225103982469279
Tln1	0.000913895712254318	0.00537048300129548	0.0169661229953469	0.0169563553222589	0.00634709238220049	0.00194654887824204	0.00672342848748837	0.00707084844626872
Tm9sf3	0.0215248812081397	0.00430327359119745	0.011444079242854	0.0209154079879804	0.0144741976054503	0.00304547363309977	0.0461620234880185	0.0308286806488828
Tmbim6	0.00300161415900982	0.00263436119593867	0.00522174939892501	0.00309226432673529	0.0032186986190729	0.00304333917179689	0.00438702115727395	0.00483379848658553
Tmem120b	0.00239744919099367	0.00148403514785209	0.00446260172028571	0.00171238907441148	0.0063478228918523	0.00282621567817425	0.00240173028690023	0.00100631658737169
Tmem128	0.00317248169990688	0.000307392964463093	0.000647074708453653	0.00344650868083901	0.000809543893043298	0.00109395165377014	0.00537086637207304	0.001812565097963
Tmem181b-ps	0.00387175356378152	0.019557587065287	0.0240626929482243	0.00316250628661589	0.0151883816610583	0.00798527380203976	0.00375930322931425	0.0134232335268773
Tnfaip1	0.00874322615335102	0.00290044149221466	0.00109498093449708	0.0190026662736632	0.0070589837908664	0.00560108201075297	0.0143263946648308	0.00806127999738113
Tpcn1	0.017704396027075	0.0204534341674493	0.00401292287090727	0.00384409992668277	0.00631277093819254	0.0216662361212277	0.0200915107603299	0.0350548434626127
Trabd	0.00538582745494871	0.0209752264249314	0.00518158455797181	0.00937842736966338	0.00286864730434738	0.00246601525901358	0.00997734479695534	0.00369540335177952
Triobp	0.00236339504070246	0.0209523561072831	0.0461700032152271	0.058801974143846	0.0368749816740445	0.0262010783128601	0.0287626909302955	0.0270464207543789
Tyms	0.00353946132777707	0.00295527037555199	0.00154437342623141	0.000795168258084383	0.00255385447372648	0.00126278972325683	0.00150710208790238	0.000782523405764285
Ube2g2	0.000250645828243442	0.00104451334314881	0.0081765456045496	0.00325472374233821	0.00212148940716175	0.00135803351377409	0.000677988416665648	0.000926690572534381
Usp9x	0.00190450296670042	0.00204611990219305	0.000445138456073723	0.00104420822335955	0.00110664637715788	0.00135605870926222	0.00176867659867076	0.00158201877458422
Uty	0.00682164629684921	0.0240828912569332	0.0388629410133068	0.0104357939101652	0.0131786438948863	0.0179358039842477	0.00378676933540506	0.0155518985337006
Vps16	0.000429131966381673	0.000230225004628096	0.00116754059539638	0.002277279317503	0.00521925411141234	0.00166016588705377	0.000708339730978534	0.000914452682704807
Xist	0.000698766364689093	0.00240696676529882	0.0070421032167677	0.000925977447286957	0.00211175464630537	0.00178381297560747	0.00169708338082192	0.00200516171028089
Zfand6	0.0379129221657183	0.048967674446446	0.0561347481189526	0.023334441322994	0.0756992828529107	0.0256235801063829	0.0413882013178908	0.0704783412240545
Zfp282	0.00292636260647744	0.00638249196733529	0.0131508605419671	0.00585888285825838	0.0140454093344737	0.0015821332205602	0.00537046108654922	0.0123663307003716
Zfp36l1	0.00203143616902286	0.00271827222981227	0.00243105351918648	0.00448518519925969	0.00230121426447188	0.000670203311336487	0.00515729844093293	0.00402277330997664
Zfp442	0.00354748864032127	0.00279264696051516	0.00168160860884969	0.00612788900127076	0.0036131970061483	0.0037647904231462	0.00301475543172166	0.0115253787466024
Zfp951	0.00569131408217775	0.015580343441737	0.0291871399547963	0.0147617261885962	0.00451380546822857	0.00583890482828702	0.00725927489550629	0.00314791599395661
