sample	RANTES	MIP_3a	KC	TNF_a	MCP_1	IP_10	MIP_1a	MIP_1b	IL_1a	IL_6
515250	38.4464237124157	31.1253803329911	145.371856697578	0	27.3029175602165	221.793182774935	18.331825713333	26.7123782515449	26.2988619249163	0
505453	59.4328849372553	63.9479419511219	195.993119222332	0	12.7817610138752	12.6282551005557	0	33.8458748161974	11.9579701133057	0
57-1	66.1773034738084	131.792663791441	93.5715271601831	15.7521607398318	35.9532898346874	92.8731743225092	25.3446342889681	35.5359765294954	129.563275740722	17.0322083304341
61-3	23.7862818447859	107.13891773557	517.906425675946	0	55.305606544677	127.010616146811	6.67050296570024	16.7770795686359	43.829076232124	144.334337757162
31-27	43.4503238956127	38.6242252146692	101.605611908321	0	4.04733038019427	32.9178039896777	0	22.5936824607347	51.9572745832201	0
70-1	45.5965778696342	27.4537853753228	146.900922518488	0	2.92391359673182	28.9443436339914	0	1.00000000000005	3.73692489279718	0
77-78	41.2618843129688	88.0842209792618	226.823991140427	145.702780831566	66.4360311248783	173.218811418874	1.6359955128678	1.00000000000005	35.9020203716415	0
515251	73.8611091547024	229.285009994879	115.109870434911	0	31.5503082863544	109.604169476687	0	39.2591743700512	44.1406414499966	33.1059297551832
515253	70.816681946647	79.3011291409357	154.452873042722	4.59361310861607	37.358336859164	136.9608191506	3.88491384532173	24.7037646648724	30.7437543618967	0
504848	81.3595674930176	160.521840312783	134.607501327899	10.0706005049363	45.2454337116938	300.908974012335	1.03326505579623	19.6180672709659	6.84048914198937	0
57-2	75.280044209139	106.485299138066	279.187068692147	0	8.50359486167529	95.764385012033	10.6404422852815	38.086623754837	38.2948984130794	0
61-4	55.0366247089539	110.297391496016	124.661656131752	0	9.84182751854222	37.5888542429854	2.96068272219479	84.9517533409035	94.0098909179922	0
31-29	57.0487633164922	61.6120840109854	153.18123118331	456.526032379823	142.740700329061	76.2774567933796	15.1857363537877	26.5913414092682	134.57612601336	0
70-2	73.9258269306395	289.86988562985	130.1893693552	1.863707033317	17.3690667581483	64.0561600974657	13.0079445177488	37.3468834616676	56.6728855937214	0
77-79	28.3744739002673	168.45921277436	158.594949787266	0	12.7313441086576	41.2217996784677	13.8042103143689	17.3879498285963	4.07387395741046	0
515553	32.6374821519525	125.730047142832	576.756498187152	0	90.0097732852645	48.9360799560493	0	17.9921574414856	38.3989462286417	307.169604693872
515050	30.6280444980409	231.471440414743	205.245791120416	11.5508608470935	50.4910250418628	114.17763375148	2.39776456867454	3.28243706254289	4.47972647826783	35.3135289533894
515753	44.4237449236915	352.714705687278	4177.0423673312	33.7663670867151	138.236138139286	228.881841482261	19.1392502404866	36.9834522121523	4.88972001235284	169.897128457581
505752	20.9664632479521	211.203472842971	364.031081017426	0	7.29568547571679	96.105744044541	0	16.9946325161298	9.53306302018336	0
57-3	27.6171484117876	512.866899013166	118.262772790095	10.268946807075	44.1119303411979	298.208980280901	8.52681468798198	25.8967339102417	3.17460456033574	0
64-1	59.9006524165387	62.1421893761139	533.150720176159	2.8163778647239	18.3576410605462	120.743052590652	12.7552321200774	6.004440435247	1.00765204830923	0
31-31	57.0725529975778	269.853163356671	284.160429562028	34.7287335844385	70.9222325839346	344.624221804504	39.1762098141863	36.3014089106895	72.3475813637633	96.6910220143383
02-4	36.5139861764014	173.722661334495	1120.48042617537	30.6709751605663	174.604738944283	145.184278916558	23.804278550418	26.4008315039826	15.0669489596871	174.113724561703
82-92	54.7710585915282	138.268537065376	452.758972820446	13.0630958411222	52.4023723060443	122.707111332566	19.5431794196632	34.1210227424958	36.3296629096849	41.2259495001398
515654	36.683619117303	72.5064037403278	42.1864371110789	2.55261064515981	9.31056557158032	30.6611721700268	4.26480727081748	16.4590240483519	29.8865406689895	0
515048	44.0301257472712	241.246668255227	1484.65987444359	43.8822724640331	327.424180192863	197.383201322423	10.8540874176279	41.1314275249756	122.694380123076	503.497081790704
514851	26.5288679372505	77.8959079520135	221.602404013863	0	15.9835592584074	76.6018428997145	1.58168648430149	13.8778023411101	11.3549775965118	0
515555	38.0018190455227	151.361356297726	192.49702284981	10.9607762403555	47.6977421089486	78.7183375701218	17.3053690028888	25.4074130620421	44.5386676994681	36.9091146197443
57-4	26.0751778919912	69.8222511197727	27.252034184579	0	27.7693292079633	57.6314204696406	10.4271656474491	18.5133180595945	4.61511309946856	134.228883670157
64-2	28.593752507805	192.267038755269	901.541180091561	24.638040854003	104.773309099735	494.579408286116	156.375302692518	20.6858257522465	26.9902398975919	928.997944311152
31-80	66.5142927250947	206.324188629182	317.270314030165	0	23.6236633661654	123.78066859454	10.1433950215847	50.2960347869511	2.00158667878724	0
02-8	26.0100878530248	95.2644365094226	240.759785512217	0	14.964495147578	90.0009937112137	31.2880959404426	4.17618225982136	184.573281014329	53.886932969572
82-7	64.5505986948453	306.87824058385	505.614807869892	21.7074914777078	209.513545932248	237.13394838508	17.3053690028888	43.4666250111165	14.9118049726429	209.440580008845
515255	36.8247411562318	160.521840312783	534.815194923882	0	152.96666858154	106.807224862339	2.8405786189862	17.5444936284215	57.2483910944025	239.4696432001
504857	45.855613776854	217.570918907214	490.09814632544	15.0849079231316	45.5363414685859	169.285171385078	19.7635506715334	30.9935374619017	25.079142197022	235.936535972629
514855	39.3570683373111	53.3059209151506	157.80660820446	0	10.5772446656475	52.4238640560479	2.36869705912373	21.0381020549397	21.2871142919302	0
515750	94.348790695136	189.163382217963	178.400242857875	34.1436651763524	22.5589868246835	160.519025221525	15.4774149805534	33.5376434042277	33.1473126202479	0
57-5	59.7838411848511	381.945868346239	618.740229031268	49.3397191338907	42.4111835920571	221.218971250669	22.0782555481038	35.7277456460054	1.81603783690426	27.8366283626642
64-5	33.1392647089036	101.255563477043	522.222983665063	0	1.08917855754509	61.1270380519528	10.9967153142684	26.9195179939249	9.88191288794836	66.6807169600466
31-90	30.3235029685358	284.465808644503	0	18.0154485835628	785.401303393897	1063.73584467733	16.7562019050778	34.6695423146829	10.7032317254643	1519.9755811271
02-9	38.2799369667607	158.39695764184	1770.03412563202	25.5722381829319	212.225356415437	169.098104002564	20.2411076903275	32.2805577766708	37.1619466083295	335.197449236995
82-8	23.3100840139809	298.555215750112	796.075560272174	5.11116243370771	94.0944885006454	94.7418315539115	0	34.2987423150476	20.7999339628896	320.371344214394
515450	69.1875050602578	172.146047849001	471.195848016778	169.311361786139	19.7959147114384	1.00000000000002	74.0917259858381	8.90081105034604	10.7182958338663	113.304410000354
505750	58.2572737201558	204.998588701067	368.39334324648	28.9474881960825	17.131909344927	99.7050050850202	9.19117954654941	17.1916455832908	2.81940604165539	0
505554	63.4803121841001	92.5430022225383	158.310113743165	7.26088294980465	0	37.1918781633081	0	6.32918374935948	2.69894961923731	13.7444661720435
505756	41.7997618538096	157.652451489913	214.964918146453	29.5098065575278	54.6618157589507	218.922999443843	16.6098586367503	25.4074130620421	8.85866465712533	59.1382500710946
505452	1.00000000000011	0	3.44000000000001	0	0	1.00000000000002	0	1.00000000000005	1	0
515652	29.8335774633665	220.889565315693	447.771124683196	0	222.557167670046	137.871055663867	0	12.3934530903442	16.0247158640953	234.700111854085
515656	13.3539169816146	361.102693550309	236.081557258111	32.8401398675939	29.9048611093524	1.00000000000002	11.3181834761286	28.4084868684669	3.2880352000736	0
515056	26.5934080032937	453.532387087367	279.237469898378	66.636999275018	24.6765520237596	199.282669433871	12.1069961857239	38.3375708113081	2.49294213183548	0
505152	65.0945397894004	145.043002318042	298.416297809398	26.544534533977	51.9183575712637	446.199822597754	21.6740984309317	31.8531164914193	15.0134215888373	84.1814701241869
505553	39.3845330960568	361.102693550309	376.569095099786	22.3437767581964	38.7085479114728	138.964520867142	17.8184036519462	27.5897166364357	7.72805472478185	60.1687475900717
505350	38.7509107857163	158.077933835614	642.435635656728	26.7206232244163	83.3269531905387	200.042862410153	14.4940976638469	20.8529119786638	8.66679882572906	139.241081019797
505550	32.4002598831557	259.619201238781	745.750028408339	12.7717520501793	99.2446948949103	175.283151221485	29.2538163345515	25.2495731330447	23.3882451599845	89.6665748156311
505749	25.3552502272566	108.119266352225	186.439796323553	0	32.6066953679089	110.130107420158	0	12.2393954239458	13.2026888480165	35.693668325869
505748	37.7508207679378	144.291651986091	424.466325876653	12.7717520501793	71.3183880151956	129.171423353653	15.5868592952637	24.6507654587422	10.5378274507128	267.533650210992
515357	80.6090924232302	203.262469411677	1029.27631888901	31.6105155041699	38.8618930399418	311.320629672322	37.150043318733	31.0598859854496	11.3498946466898	186.044391291179
515057	57.7608200812806	205.814550068541	177.596360139947	16.5580216953818	48.0189180606587	104.892385613336	22.5190953779975	23.1532802114598	21.528338314495	189.38117188927
505449	61.9426300277093	76.0606182396879	398.3516942537	14.5103464196179	18.7777252519131	160.147229197386	0	35.8873426674202	8.3240499526649	0
505349	17.1762674629471	176.660036401593	396.071976237129	43.9216267699172	11.3035724135276	87.3158342654702	0	15.998326567516	11.8143222234914	0
505556	42.0676850164959	153.923841531348	148.773254867424	12.7717520501793	29.7389232153015	94.5716297314072	5.3013893113226	13.2825265891759	11.1874884253649	0
505655	57.286490275114	170.146015307669	183.967670878645	0	44.4786696970963	42.4561300768446	15.4409412410235	5.85393005326559	8.22473034082467	0
504852	70.5315045045149	354.261920276295	497.338275302325	38.3157126156302	72.9537485547173	755.25187793277	10.9610437900412	21.7008860680304	5.42407386687599	125.902550146818
515651	56.3811049034713	403.390027964139	392.386305341604	40.82270945738	104.671803041922	99.1891747788085	14.3487038177838	34.0563358299164	27.6769965160049	123.47186228842
515550	45.9849190334021	350.215711785155	213.236537409855	0	10.2632185561815	175.095377392762	0	14.2558606006445	4.78412891956076	0
514856	50.0020557291622	123.669534134939	114.925592806033	27.860084089497	32.7683251886345	134.961507032635	8.87584695571115	10.7490529252869	2.31197674372334	43.639759920732
515150	90.6370261776474	194.124890402107	418.507878205819	33.4302076296371	43.6335907834401	77.2516046770457	11.5329055618916	17.211307636127	1.22697643723057	0
515749	33.0214778496441	145.257608812418	97.8406253560015	0	29.4895300993719	109.779429819514	10.107973317459	22.6480097483345	13.4858683118949	0
515756	35.5180830274118	597.532028634212	294.069119256823	14.2221443232189	40.0817123341449	65.6122709636682	0	24.101204756558	16.3821220655031	76.4276745741072
59-5	28.6562735582952	68.6438061395505	264.293759132866	0	25.4587885458542	264.460631859936	47.0735293927488	19.7124142371626	11.096348558671	57.3678472451948
65-2	52.5056482529514	676.00619579555	587.353888032423	13.5472553105236	96.7261131756367	93.2123435518037	16.2076587144134	35.0071715622648	23.852551113729	0
65-3	31.142916592904	96.680144315823	453.87733200193	0	12.5292934749421	64.0561600974657	0	1.00000000000005	4.232355445074	59.8009027549739
66-1	34.4529346606133	61.0824501217079	758.79867702857	4.22996543677226	107.495458250038	198.712675708853	16.0614987173022	38.8849918064254	10.5428315402225	1012.09471514339
66-4	39.0544542824181	368.476531303275	0	28.7740386181124	983.269161855719	567.839337638712	28.4522355445664	40.0821356060052	31.2504747815225	1197.603243694
66-5	45.414912619281	381.447956385303	267.515171518374	4.48982944356807	65.8071421611927	92.3649146616721	0	29.1533860816594	54.6754506044893	236.097609997665
59-1	43.9775398126639	404.035800217666	178.381772212438	10.1698117412902	46.8014776749503	207.847437106654	16.0249670083511	13.1967329015194	17.1440373534471	1.96645595900313
59-2	55.6383720672976	184.491105251201	328.750603482083	31.1841782464948	44.8443643693491	220.453490483304	50.3586634890079	43.9809389290576	19.3294194969942	171.225844514968
59-3	36.4290516721056	141.17521689247	541.620475624026	14.6062767829198	54.7636611475669	130.795848139251	4.10587803356814	23.6732943898259	47.76495336994	67.8441850829455
59-4	45.7002605599718	112.801294838413	172.903993073832	29.6392715211083	30.1946334325687	175.095377392762	4.71436639448924	24.4207297761511	3.13594348669802	6.70903074290397
78-84	70.1359250874263	220.889565315693	261.660175960989	31.8657410417495	32.8490522155433	199.472696198236	28.8167474860024	40.5305184133203	21.0293755442506	34.2483736743459
86-7	23.0016513603575	63.2037750317564	143.353085999865	0	2.47031573247321	78.7183375701218	0	22.1212518771371	46.6769591564512	13.1342589636365
86-8	51.5444643939186	32.2735430534012	103.014647774644	0	12.8321399313003	109.604169476687	4.9740784611338	1.00000000000005	18.0646320865253	0
76-2	38.1131627592337	0	111.070703965465	4.48982944356807	0	68.2797630804015	0	7.92843208911457	18.3674039566704	0
76-3	37.9739628985702	35.960875919868	144.334188384716	0	0	82.6610048131031	5.49912197542	1.00000000000005	1.70659298606602	10.3972237574827
76-4	48.5677035647002	112.03935996372	203.365177061961	32.6711280431789	108.843443119469	129.171423353653	20.351326275022	41.8218697111896	43.7367497990692	1494.1778715354
71-8	23.0016513603575	274.594225533719	184.673456257777	15.9896733379024	12.0723945714648	67.9645233300485	0	18.1857158672348	5.93161688763543	45.5955432492858
71-9	49.1736047874377	125.513230344695	162.673972284173	21.6619333902836	30.9361939709459	58.9925608510411	16.0980337738794	22.3941592685505	26.2589009554479	11.5356272804556
30-10	30.3540139708585	194.74344670372	945.144973133257	16.6052775625732	97.6217854538226	161.448971672991	8.10995894004974	40.0976194147894	11.8502018645985	341.46811573364
30-33	62.7247334330133	150.720024640337	92.8737917715797	48.6912320540838	29.1143361958676	56.2791218808244	8.38761532212177	53.5728929827263	9.3767812544535	141.793662060662
505248	49.4754773516193	107.574640844918	101.795139810981	23.6079045873881	46.8014776749503	171.157101815868	18.6253570289753	12.4154046870894	11.3651448965983	0
514949	25.6835737238986	267.377473214344	1107.3256314208	6.13957585016429	34.2125994607975	102.119290493528	3.417903095428	15.8370796638142	12.3185721312489	350.556447448293
515249	52.9959491627938	136.328102373935	108.421378317506	12.6258398452545	22.2461569530144	84.316815471964	4.42461233906048	18.474869576949	7.51963138951123	0
32-1	42.6281648531616	49.6750292570096	427.814579301486	22.841730516369	25.6317771843895	167.602401856632	0	23.9053489200861	11.3244869107549	107.166605860484
32-2	56.4050016675081	535.733849056172	548.158715992596	30.3707950441231	92.6437928185477	27.9788324696078	1.10892364548236	12.5905179918321	5.68255760448435	187.803108032367
32-5	48.6941724016999	133.737711498834	242.634472682483	12.917503859788	5.76616746877862	0	0	25.65239900232	29.5588906804161	47.0965662290326
32-8	36.2589447885383	136.867318980114	367.315471343434	17.5939108971138	11.3035724135276	193.588772803465	11.747940879978	31.2255899049094	43.3789398029	19.2541429715089
505148	55.8304058696242	148.687302857883	208.960001096836	41.6629470366008	44.5518918868978	345.969410018454	51.8838775389091	27.2465927190812	44.3194768617193	0
504849	49.7766420230318	98.0961384161146	300.896687170752	0	45.8990619459484	150.150358987833	40.3784534426426	25.1793334170776	13.2445725633589	24.2373252392277
505551	43.238738991598	180.947752177012	219.233085521374	9.02423153146675	49.5780954429933	109.779429819514	21.122933339046	17.0538118394672	45.3690048394464	30.6648527388837
504851	41.7460965698777	93.8490895216121	148.021134846463	0	3.74054640101569	94.9120975540905	8.52681468798198	33.7810468838523	3.03137699999465	22.7809180822321
505352	38.0018190455227	46.4893297795311	318.075465661622	2.8163778647239	25.5020640866829	297.630384408701	0	19.8254521329263	8.44267317031043	0
505055	89.4945690580764	106.158476109812	221.672783464948	30.9277956164298	33.6531358990033	112.590631040628	19.5799059091021	28.3914956440636	36.0407098001158	0
505050	32.1027303961597	392.903832436323	335.090967856915	14.7021388997621	48.6589566548133	115.94565357505	25.1247417856834	24.633091931056	3.81553745550376	0
505057	65.1624113259754	143.325114650731	100.001969233041	39.5337447008371	45.3546006621435	268.508406947051	28.7074209432324	42.4635292942484	9.73416341990262	0
515055	57.3577349828883	190.405926393011	236.827880987623	6.80340075784515	0	108.378823197376	3.08157859345252	14.8991447851788	6.55867017788967	0
505155	58.5166780896261	198.447103191745	764.554524284169	59.8932778262319	47.2682940559451	257.13931709196	37.2213572933736	21.2597002006803	1	139.880348488156
515356	36.683619117303	103.543658453101	458.474717355867	3.23708040575994	18.963757576875	75.7915004040738	11.3181834761286	12.8515661242271	59.0747207679987	32.0385798930232
515453	38.7232693489529	23.345268260925	254.429455447761	0	0	33.2991541884074	0	1.00000000000005	2.97269633150222	0
505154	63.0457011773392	26.7127948489079	175.578317529715	0	0	21.4475295995249	0	38.8849918064254	41.4502963111038	0
515757	78.7635185309286	373.857993416544	137.658293113098	8.62334853337589	0	58.6893304683577	0	27.435457167473	28.6859981639125	0
514957	45.7261669725124	141.390331237603	153.831703845708	0	21.6623512729576	96.2765181248634	1.99650827095162	17.1523001982887	6.43006188942538	0
505548	40.9648776077979	341.189722087806	247.974625878273	0	0	28.3395555743549	0	21.1305174386124	18.4721491646103	0
515149	31.3839970485392	610.939838148306	295.466742585215	0	10.8896026781349	45.5203693314703	5.69781405688893	18.0309204608034	19.8404608903301	0
515054	48.060550182166	352.456547714902	27.8403614810703	0	0	30.5374128391505	0	19.9570863146868	16.8822484017154	0
505149	45.2849788928067	119.000528018173	141.805349124194	0	0	30.5374128391505	0	22.6842071228628	26.3902165148597	0
504951	52.0382304443988	162.855256736747	202.0015555744	0	0	17.1596899744043	0	23.3867974429216	133.566636025206	0
505355	50.7755119289729	75.5213590174795	133.550703039881	0	3.17842046631486	15.8782039424791	0	1.00000000000005	6.25385847554846	0
514951	54.1656573516402	49.2622966763009	169.995903939765	0	0	96.9602414578934	0	1.00000000000005	4.88972001235284	0
515254	42.8674893186295	39.9182861867609	128.386300881965	0	8.55778899357178	47.9322071692137	0	15.8774411983182	27.6827237705841	0
515649	66.5816131037199	230.87565142249	164.097354642128	0	37.7456741258373	95.0824275828152	0	47.9656569559374	11.2280446373097	0
505253	62.8852949661246	323.277391963139	148.300874471278	5.11116243370771	14.5725819812183	118.606681389391	5.73101994217455	1.00000000000005	8.97909262943065	0
515155	54.0199760415954	92.6518270674713	72.2711174425413	0	0	49.801424890639	0	19.2582925051051	63.1271166768633	0
505656	58.021069135084	68.4297235336319	190.297829293476	0	5.70835453883902	47.5038771890892	0	26.781474030317	41.7160137052209	0
515350	31.7142455956477	106.158476109812	254.395253430658	0	0	30.5374128391505	0	5.54686361259755	32.9742149085722	0
505648	44.9464710822091	37.4363397318855	180.125305855915	0	0	20.905356078451	0	19.010957555809	56.1768272761888	0
505357	46.2173141635134	55.60475668046	217.432595906597	0	0	212.807669067665	24.7214587191069	18.474869576949	56.4619549096307	0
515653	29.092331457838	0	232.107339979004	0	7.01667117089282	52.7176424919289	0	1.00000000000005	2.95208565812946	0
505651	33.6964522904737	51.3306362268331	95.4444264328267	0	0	32.2855167284833	0	4.32009565789931	3.90227503763476	0
505652	61.4345614317627	438.303077701186	214.220757550316	0	28.6958808415813	99.1891747788085	0	38.509841800041	11.0255696755541	0
505654	58.5873486993495	111.495052462365	241.338923511192	0	20.7112695940648	65.6122709636682	0	20.1072085257227	50.988248515952	0
505049	161.396130364759	801.125211536517	1277.95201249895	138.521662445668	194.734526424394	1025.27527657937	194.460981160985	172.86688866301	329.03672751181	497.978971352882
505454	54.4323511974964	157.120410802582	245.75528975661	0	62.140510327317	131.880577216809	0	34.2987423150476	28.9615096912363	0
505356	33.0214778496441	70.1439288586153	272.966345280046	0	3.17842046631486	78.2286985563343	7.9715146034109	27.9146002476283	75.7416034616337	9.7158966649402
505252	44.4237449236915	12.4089234233183	145.081098858676	0	5.93906399340035	0	0	1.00000000000005	2.95208565812946	0
515748	39.4119902975265	0	136.656263583201	10.2193887828577	6.62297774366655	0	0	26.0012522676617	0	0
515455	49.7766420230318	24.7890521299353	286.402912270924	0	0	30.0440998342529	4.16934248641104	21.7375330146981	34.8620614737032	0
514857	60.7623848643087	93.7402338138909	155.922222983666	10.9607762403555	18.404421467751	99.3610579973558	11.0680870883155	11.6608263498146	2.30259850064685	0
514849	66.7385940739486	55.60475668046	174.205202782441	49.7959589659619	63.4258324823194	66.8641419045976	7.48908842661188	34.6373412226901	7.04830557730375	0
505650	50.5763465672851	67.7878183089055	172.783051124054	0	5.00707532764417	22.1049463668273	0	5.57795535365488	18.6266492092969	134.42251540112
505048	34.8863268001519	60.9765808031609	222.218061978308	0	28.5280297027791	30.413825537196	12.7913135396458	25.1617649160285	34.0477671453343	245.732204153701
504949	64.8907642252292	40.3179105966671	194.418918169137	0	4.76999248577172	24.6920559478064	3.35634760640903	31.4571769185342	36.4047941031141	0
