item1	Blood_Total_T_cells	Blood_Total_B_cells	Blood_CD4_T_cells	Blood_CD8_T_cells	Blood_CD4_T_cells_CD44lo_CD62Lhi	Blood_CD4_T_cells_CD44hi_CD62Lhi	Blood_CD4_T_cells_CD44hi_CD62Llo	Blood_CD4_T_cells_CD44lo_CD62Llo	Blood_CD8_T_cells_CD44lo_CD62Lhi	Blood_CD8_T_cells_CD44hi_CD62Lhi	Blood_CD8_T_cells_CD44hi_CD62Llo	Blood_CD8_T_cells_CD44lo_CD62Llo	Blood_Total_myeloid_CD11b_CD11c	Blood_CD4_T_cells_CD25.	Blood_Total_immune_cells_CD45.	MLN_Total_T_cells	MLN_Total_B_cells	MLN_CD4_T_cells	MLN_CD8_T_cells	MLN_CD4_T_cells_CD44lo_CD62Lhi	MLN_CD4_T_cells_CD44hi_CD62Lhi	MLN_CD4_T_cells_CD44hi_CD62Llo	MLN_CD4_T_cells_CD44lo_CD62Llo	MLN_CD8_T_cells_CD44lo_CD62Lhi	MLN_CD8_T_cells_CD44hi_CD62Lhi	MLN_CD8_T_cells_CD44hi_CD62Llo	MLN_CD8_T_cells_CD44lo_CD62Llo	MLN_Total_myeloid_CD11b_CD11c	MLN_CD4_T_cells_CD25.	MLN_Total_immune_cells_CD45.	MLN_Eosinphils	MLN_Neutrophils	MLN_Ly6C_Monocyte	MLN_CD11c_MHCII	MLN_CD103_CD11c_MHCII_DC	MLN_CD103neg_CD11c_MHCII_DC
CCL2_BacillusS	0.3666	0.4764	0.3762	0.2098	0.6948	0.248	0.487	0.5186	0.144	0.1228	0.3578	0.9792	0.3134	0.2674	0.5054	0.0746	0.072	0.0724	0.0636	0.5468	0.8554	0.274	0.6294	0.6516	0.8258	0.4304	0.718	0.5726	0.071	0.284	0.4544	0.0936	0.8726	0.39	0.635	0.3918
CCL2_BacteroidesV	0.4054	0.433	0.404	0.2052	0.7278	0.1016	0.3884	0.514	0.1298	0.035	0.4098	0.8808	0.1648	0.3032	0.3556	0.0082	0.0188	0.0074	0.0082	0.3284	0.9254	0.1386	0.4322	0.4524	0.954	0.2182	0.5346	0.439	0.0638	0.1768	0.4108	0.1084	0.9848	0.2664	0.5562	0.2614
CCL2_CandidaA	0.412	0.3978	0.408	0.185	0.7238	0.0388	0.327	0.4866	0.097	0.008	0.421	0.8376	0.09	0.3002	0.2638	6e-04	0.0062	4e-04	8e-04	0.1606	0.8278	0.0612	0.2894	0.3186	0.8588	0.0954	0.4152	0.3336	0.0512	0.1162	0.3558	0.0972	0.9786	0.1686	0.4988	0.1602
CCL2_CD3.CD28	0.3096	0.4816	0.3304	0.1668	0.6636	0.3086	0.5512	0.4982	0.1148	0.1252	0.2808	0.9414	0.3878	0.2136	0.5774	0.0748	0.073	0.0758	0.0438	0.649	0.6872	0.3122	0.7308	0.7424	0.6576	0.5432	0.8122	0.645	0.0508	0.3368	0.4568	0.057	0.8028	0.4376	0.6692	0.4426
CCL2_ClostridiumP	0.245	0.5124	0.2694	0.1336	0.6216	0.44	0.6386	0.4794	0.1128	0.2424	0.22	0.8362	0.5256	0.1622	0.6996	0.232	0.1524	0.2422	0.1696	0.7618	0.4676	0.4172	0.84	0.8616	0.4354	0.671	0.9384	0.7362	0.0418	0.4476	0.492	0.0402	0.6824	0.5384	0.7352	0.5502
CCL2_PBS	0.1562	0.7576	0.2012	0.1844	0.553	0.81	0.948	0.5442	0.2094	0.699	0.119	0.46	0.9102	0.1158	0.9176	0.7418	0.6554	0.7516	0.685	0.9198	0.0256	0.7578	0.7616	0.6946	0.0234	0.975	0.4612	0.9898	0.0852	0.8294	0.6756	0.044	0.3842	0.8278	0.963	0.843
CCL2_PseudomonasA	0.4068	0.4818	0.4166	0.2374	0.7312	0.2006	0.4494	0.5456	0.1584	0.1088	0.4132	0.9242	0.2466	0.3082	0.4392	0.0616	0.0684	0.0582	0.0578	0.4454	0.9826	0.2334	0.5364	0.5546	0.9538	0.339	0.6304	0.5064	0.0816	0.2436	0.44	0.1222	0.9478	0.3396	0.5962	0.3374
CCL2_StaphA	0.4354	0.4738	0.431	0.2626	0.7392	0.198	0.4284	0.5438	0.1784	0.1178	0.443	0.896	0.2394	0.336	0.4168	0.0752	0.0766	0.0696	0.074	0.4076	0.954	0.239	0.4984	0.516	0.9832	0.3128	0.5932	0.484	0.0954	0.2382	0.45	0.1504	0.9716	0.3346	0.5826	0.332
IL.1a_BacillusS	0.3884	0.4546	0.3964	0.2092	0.7088	0.1492	0.4398	0.511	0.127	0.0462	0.3702	0.9312	0.2236	0.2892	0.4262	0.0104	0.03	0.0092	0.008	0.4426	0.9622	0.1864	0.5378	0.5522	0.9298	0.331	0.6196	0.5098	0.0648	0.2184	0.4174	0.0994	0.9334	0.314	0.6008	0.3104
IL.1a_BacteroidesV	0.3882	0.4064	0.3918	0.1698	0.7116	0.049	0.368	0.4796	0.087	0.006	0.38	0.8814	0.1172	0.2758	0.316	0	0.0056	0	0	0.2658	0.9316	0.0724	0.3924	0.4174	0.964	0.1544	0.5018	0.397	0.0472	0.1388	0.3654	0.0798	0.9744	0.2056	0.5326	0.1994
IL.1a_CandidaA	0.4204	0.4014	0.4152	0.1928	0.735	0.0456	0.3204	0.4916	0.0978	0.014	0.4282	0.8332	0.0906	0.3018	0.2602	0.0036	0.0106	0.0026	0.0036	0.1586	0.8308	0.0646	0.2778	0.3096	0.8578	0.0938	0.405	0.3198	0.059	0.116	0.3504	0.1032	0.9752	0.166	0.4914	0.1578
IL.1a_CD3.CD28	0.409	0.5392	0.4166	0.2654	0.7314	0.3208	0.54	0.5626	0.1798	0.1936	0.3806	0.9958	0.3594	0.3082	0.5434	0.1602	0.1468	0.1608	0.144	0.5818	0.8158	0.3186	0.6608	0.6768	0.7886	0.4864	0.7488	0.591	0.1086	0.3314	0.4664	0.1456	0.88	0.4204	0.6528	0.4236
IL.1a_ClostridiumP	0.2838	0.4612	0.3038	0.1282	0.6366	0.2594	0.5486	0.464	0.0852	0.0784	0.25	0.9264	0.3622	0.1842	0.5806	0.0346	0.0442	0.0338	0.0162	0.6498	0.6418	0.2622	0.7358	0.7506	0.6124	0.5344	0.8196	0.6406	0.037	0.3108	0.4302	0.0412	0.7936	0.41	0.6686	0.4174
IL.1a_PBS	0.4636	0.6674	0.491	0.3952	0.747	0.5846	0.702	0.6514	0.3216	0.4934	0.4068	0.8888	0.6192	0.4004	0.7528	0.4968	0.4464	0.5034	0.4666	0.7886	0.6366	0.5586	0.8502	0.8726	0.6208	0.7184	0.9504	0.7556	0.2492	0.5766	0.5928	0.2604	0.7954	0.6244	0.7806	0.631
IL.1a_PseudomonasA	0.207	0.5422	0.2426	0.1176	0.5908	0.5372	0.6996	0.4714	0.1094	0.3302	0.1812	0.7458	0.6178	0.133	0.7766	0.3608	0.231	0.3768	0.2704	0.8306	0.315	0.4988	0.914	0.9382	0.2992	0.7454	0.972	0.7922	0.0398	0.5336	0.5064	0.029	0.6154	0.6058	0.778	0.6202
IL.1a_StaphA	0.3598	0.4642	0.3684	0.1902	0.6974	0.1944	0.4728	0.509	0.12	0.0672	0.3384	0.969	0.2732	0.2584	0.4758	0.0244	0.0426	0.0228	0.017	0.5166	0.861	0.2162	0.6046	0.6246	0.831	0.3982	0.697	0.5536	0.0554	0.2494	0.4282	0.0818	0.8894	0.3494	0.6142	0.3508
IL.5_BacillusS	0.1724	0.6186	0.2144	0.119	0.5662	0.6572	0.7908	0.4868	0.1318	0.496	0.1534	0.6344	0.7472	0.1072	0.8982	0.5434	0.4042	0.556	0.4684	0.9244	0.1566	0.6188	0.9798	0.9478	0.1508	0.8388	0.8334	0.872	0.0438	0.6654	0.5592	0.029	0.4954	0.7004	0.8456	0.7156
IL.5_BacteroidesV	0.1642	0.6424	0.2074	0.1154	0.5724	0.66	0.8046	0.5088	0.139	0.5164	0.158	0.6178	0.7606	0.1072	0.919	0.5586	0.4338	0.5714	0.491	0.9336	0.1378	0.6198	0.961	0.9302	0.1324	0.8416	0.808	0.8796	0.043	0.6786	0.5756	0.0282	0.4604	0.712	0.8574	0.7246
IL.5_CandidaA	0.367	0.4572	0.3748	0.1858	0.6996	0.164	0.454	0.4968	0.1108	0.075	0.3424	0.967	0.2364	0.2602	0.4486	0.0412	0.0524	0.0388	0.0358	0.4656	0.8784	0.182	0.5668	0.5874	0.8472	0.3356	0.6668	0.5064	0.0614	0.2152	0.4	0.087	0.8932	0.302	0.5898	0.3002
IL.5_CD3.CD28	0.1754	0.566	0.2112	0.0986	0.577	0.5572	0.7296	0.4652	0.0876	0.3316	0.155	0.679	0.6544	0.1062	0.8224	0.3758	0.234	0.3902	0.2732	0.8694	0.2246	0.5132	0.9608	0.989	0.2128	0.7808	0.9034	0.8202	0.032	0.5532	0.5008	0.019	0.5504	0.6202	0.7988	0.6388
IL.5_ClostridiumP	0.1742	0.593	0.2108	0.1028	0.57	0.6138	0.7662	0.4774	0.1132	0.4384	0.1584	0.6672	0.7008	0.1006	0.8618	0.4814	0.3288	0.4948	0.3936	0.8924	0.1856	0.5742	0.99	0.983	0.1792	0.8026	0.8798	0.8454	0.0354	0.6136	0.5412	0.0226	0.5126	0.6654	0.8236	0.6796
IL.5_PBS	0.4146	0.7604	0.4484	0.3936	0.715	0.7006	0.8342	0.665	0.3464	0.5998	0.3358	0.736	0.7764	0.3616	0.9194	0.6254	0.5652	0.6332	0.5804	0.9382	0.3868	0.6662	0.9592	0.9262	0.3854	0.8616	0.8202	0.883	0.2762	0.7126	0.659	0.246	0.6522	0.7258	0.8752	0.7368
IL.5_PseudomonasA	0.1504	0.6404	0.1936	0.1052	0.5584	0.6902	0.8268	0.4884	0.1262	0.5324	0.1386	0.5816	0.7814	0.0918	0.933	0.5836	0.4472	0.5962	0.5142	0.9488	0.109	0.6458	0.942	0.9098	0.1052	0.8594	0.7828	0.8934	0.038	0.6996	0.58	0.0206	0.439	0.732	0.8734	0.7442
IL.5_StaphA	0.2014	0.5756	0.2416	0.1302	0.5858	0.5876	0.737	0.4794	0.1104	0.402	0.171	0.7062	0.6676	0.135	0.815	0.4352	0.3026	0.4486	0.3492	0.8674	0.2646	0.5498	0.9496	0.9768	0.2506	0.7848	0.9254	0.8198	0.0418	0.5792	0.5204	0.032	0.5922	0.6398	0.807	0.6538
IFN.y_BacillusS	0.3432	0.659	0.3764	0.2934	0.6878	0.592	0.733	0.6004	0.2738	0.4724	0.3034	0.7906	0.662	0.2786	0.8178	0.4934	0.4144	0.4984	0.4504	0.848	0.4362	0.5698	0.9386	0.963	0.4234	0.7548	0.952	0.8042	0.1728	0.6056	0.5952	0.1742	0.6514	0.648	0.799	0.6612
IFN.y_BacteroidesV	0.1648	0.8398	0.22	0.2196	0.5506	0.843	0.9874	0.5654	0.2546	0.7324	0.117	0.3976	0.9858	0.1318	0.8206	0.7786	0.7096	0.7894	0.7228	0.8254	0.0268	0.8032	0.579	0.4822	0.0276	0.9558	0.235	0.9444	0.1318	0.8856	0.7114	0.074	0.3258	0.873	0.9716	0.8872
IFN.y_CandidaA	0.1536	0.9254	0.2114	0.2518	0.5556	0.8986	0.886	0.6126	0.3282	0.7918	0.124	0.3526	0.9208	0.128	0.683	0.8366	0.779	0.8468	0.7884	0.6904	0.0104	0.8532	0.3408	0.253	0.0104	0.874	0.0908	0.873	0.1496	0.9588	0.7768	0.079	0.2588	0.9352	0.9008	0.952
IFN.y_CD3.CD28	0.3328	0.4478	0.3424	0.1552	0.6906	0.155	0.4484	0.4998	0.101	0.0588	0.3156	0.9878	0.2492	0.2316	0.4682	0.0402	0.0442	0.0374	0.0346	0.5008	0.835	0.1744	0.5986	0.6204	0.7976	0.3622	0.6962	0.525	0.0564	0.2218	0.408	0.0754	0.8682	0.3038	0.5946	0.3074
IFN.y_ClostridiumP	0.4174	0.5278	0.4292	0.293	0.7314	0.3692	0.544	0.5608	0.2214	0.2678	0.3922	0.9966	0.403	0.3338	0.574	0.2382	0.2014	0.235	0.218	0.6126	0.8396	0.3786	0.6886	0.705	0.8136	0.5234	0.767	0.6144	0.1386	0.3738	0.5096	0.1684	0.8766	0.4624	0.6644	0.467
IFN.y_PBS	0.4716	0.8136	0.5068	0.4804	0.7348	0.7604	0.8944	0.7176	0.4424	0.6776	0.376	0.7168	0.8526	0.4308	0.992	0.7016	0.655	0.7094	0.6648	0.9984	0.3882	0.7386	0.894	0.856	0.3852	0.9178	0.7518	0.9292	0.3704	0.7886	0.7224	0.3412	0.651	0.794	0.9298	0.8052
IFN.y_PseudomonasA	0.0998	0.8002	0.1554	0.1352	0.5014	0.8374	0.9984	0.5098	0.1776	0.718	0.0828	0.3622	0.9726	0.0674	0.8326	0.775	0.688	0.7822	0.715	0.8426	0.0044	0.8002	0.5978	0.4834	0.0052	0.9724	0.203	0.9552	0.0642	0.8796	0.6898	0.0248	0.2964	0.8644	0.9856	0.8786
IFN.y_StaphA	0.176	0.7912	0.2298	0.2122	0.5874	0.7938	0.9484	0.5858	0.2494	0.6804	0.1494	0.4824	0.9228	0.1412	0.905	0.725	0.6454	0.734	0.6758	0.9064	0.0416	0.75	0.7408	0.6688	0.0424	0.9806	0.4292	0.9992	0.1026	0.8268	0.6842	0.0646	0.366	0.8314	0.9778	0.8462
TNF.a_BacillusS	0.2236	0.544	0.2596	0.1352	0.5956	0.5336	0.6966	0.4734	0.1158	0.3406	0.189	0.7658	0.6104	0.1482	0.7664	0.3648	0.2388	0.3806	0.2778	0.8264	0.351	0.502	0.9028	0.9248	0.326	0.7426	0.9844	0.7904	0.0448	0.5264	0.5096	0.0366	0.6338	0.5974	0.773	0.6114
TNF.a_BacteroidesV	0.2418	0.5212	0.2718	0.1428	0.6078	0.4632	0.655	0.4814	0.11	0.2658	0.2106	0.8104	0.5536	0.1634	0.7264	0.2626	0.1734	0.2716	0.1848	0.783	0.431	0.4322	0.8602	0.8814	0.407	0.692	0.9644	0.7486	0.0452	0.471	0.4964	0.0418	0.6704	0.5502	0.7404	0.5648
TNF.a_CandidaA	0.1458	0.7124	0.1932	0.1408	0.564	0.7368	0.8868	0.5306	0.1732	0.611	0.1372	0.5146	0.8498	0.099	0.9914	0.655	0.556	0.6692	0.595	0.9756	0.0592	0.6938	0.8608	0.8082	0.0598	0.9136	0.6096	0.9414	0.0516	0.7648	0.6298	0.0306	0.379	0.7776	0.9216	0.7912
TNF.a_CD3.CD28	0.4174	0.4162	0.4132	0.1946	0.7536	0.0526	0.3244	0.5182	0.1072	0.0256	0.4416	0.8234	0.101	0.3044	0.2582	0.0116	0.017	0.0106	0.0124	0.1712	0.821	0.0798	0.281	0.3104	0.847	0.1002	0.4034	0.3142	0.0636	0.1214	0.3652	0.1116	0.969	0.1694	0.4908	0.1618
TNF.a_ClostridiumP	0.1686	0.6058	0.2048	0.115	0.5756	0.647	0.7846	0.487	0.1238	0.4722	0.148	0.6244	0.7298	0.1076	0.88	0.5236	0.3808	0.538	0.4462	0.9174	0.1606	0.6002	0.9822	0.9496	0.1538	0.8308	0.8286	0.8632	0.0404	0.6526	0.5656	0.0238	0.4876	0.6954	0.8508	0.708
TNF.a_PBS	0.3494	0.5914	0.3796	0.2842	0.6836	0.551	0.6846	0.5638	0.2302	0.4194	0.2982	0.8476	0.6042	0.2802	0.7462	0.43	0.3488	0.439	0.3852	0.801	0.544	0.5332	0.8674	0.8884	0.5234	0.7156	0.9606	0.759	0.1364	0.5476	0.558	0.1428	0.7342	0.611	0.7628	0.6212
TNF.a_PseudomonasA	0.1812	0.5804	0.2208	0.1118	0.5706	0.6036	0.7524	0.471	0.1062	0.4234	0.1546	0.6632	0.6998	0.1082	0.8448	0.469	0.3142	0.4822	0.3744	0.8938	0.2118	0.5734	0.98	0.9916	0.2048	0.806	0.8826	0.8398	0.039	0.6058	0.5336	0.0226	0.5488	0.6598	0.8186	0.6776
TNF.a_StaphA	0.2642	0.5566	0.299	0.1856	0.6314	0.5128	0.676	0.5106	0.1462	0.3376	0.2296	0.8054	0.5846	0.1882	0.7486	0.353	0.2518	0.3638	0.2882	0.7996	0.437	0.4806	0.88	0.8964	0.415	0.7124	0.9832	0.7626	0.0646	0.5134	0.5212	0.063	0.675	0.5848	0.7624	0.5974
CXCL1_BacillusS	0.409	0.4734	0.4112	0.2422	0.7272	0.2148	0.4466	0.541	0.1626	0.1202	0.413	0.9254	0.265	0.3094	0.4518	0.0718	0.0754	0.0694	0.0692	0.4628	0.975	0.2508	0.5576	0.5746	0.9414	0.356	0.649	0.5202	0.0844	0.2502	0.4512	0.1268	0.9356	0.3564	0.6002	0.3538
CXCL1_BacteroidesV	0.3918	0.465	0.3968	0.2234	0.7198	0.2016	0.4494	0.5316	0.1498	0.1022	0.391	0.9388	0.2594	0.2896	0.4576	0.0576	0.0626	0.0544	0.0524	0.4732	0.9442	0.2414	0.571	0.584	0.9148	0.3592	0.6624	0.5236	0.0702	0.249	0.4432	0.1072	0.92	0.352	0.6044	0.3488
CXCL1_CandidaA	0.366	0.452	0.374	0.196	0.7	0.1832	0.4552	0.5112	0.1288	0.0748	0.361	0.9482	0.251	0.267	0.4612	0.0296	0.0418	0.0276	0.026	0.4856	0.9148	0.2216	0.582	0.6004	0.8856	0.3636	0.671	0.5346	0.0602	0.245	0.434	0.0854	0.8996	0.344	0.6054	0.341
CXCL1_CD3.CD28	0.3972	0.46	0.4076	0.2212	0.725	0.1756	0.4414	0.5326	0.1494	0.0808	0.3998	0.9206	0.2286	0.2908	0.4292	0.0306	0.045	0.029	0.0294	0.4384	0.9872	0.2114	0.5306	0.5488	0.9576	0.3294	0.6272	0.5032	0.0702	0.2324	0.4388	0.1102	0.9442	0.3264	0.5912	0.3262
CXCL1_ClostridiumP	0.3106	0.514	0.3338	0.1918	0.6686	0.3656	0.5764	0.5192	0.1452	0.2128	0.2914	0.9166	0.443	0.2262	0.6248	0.1882	0.1382	0.1924	0.1462	0.6842	0.6494	0.3658	0.765	0.7828	0.6142	0.58	0.8542	0.6774	0.0662	0.389	0.4872	0.0736	0.7696	0.4794	0.6966	0.485
CXCL1_PBS	0.4514	0.5222	0.4542	0.318	0.7576	0.3224	0.4994	0.5908	0.235	0.2376	0.4582	0.935	0.3422	0.3672	0.5058	0.1986	0.17	0.194	0.189	0.5228	0.9762	0.3488	0.5978	0.6142	0.9526	0.4318	0.68	0.5654	0.1428	0.326	0.5022	0.1918	0.9448	0.4258	0.6286	0.426
CXCL1_PseudomonasA	0.4006	0.4768	0.4048	0.2344	0.7294	0.2138	0.457	0.5428	0.1604	0.119	0.4024	0.9378	0.271	0.298	0.4666	0.072	0.075	0.07	0.0662	0.4824	0.947	0.2532	0.5736	0.5928	0.916	0.3682	0.6644	0.53	0.0788	0.26	0.4488	0.1188	0.9206	0.3584	0.6054	0.3568
CXCL1_StaphA	0.4592	0.4642	0.4554	0.2762	0.7616	0.1554	0.3858	0.5564	0.1846	0.1002	0.491	0.8528	0.194	0.3578	0.3576	0.059	0.0664	0.0572	0.0626	0.305	0.8544	0.1992	0.3918	0.4162	0.8856	0.2324	0.499	0.4228	0.1008	0.1992	0.4322	0.1706	0.9786	0.2874	0.5484	0.28
IL.1b_BacillusS	0.4774	0.493	0.4742	0.2896	0.7622	0.1892	0.439	0.5572	0.179	0.124	0.4686	0.8968	0.2232	0.3714	0.3946	0.0868	0.0986	0.0818	0.0852	0.3708	0.9386	0.2152	0.4578	0.4776	0.9638	0.275	0.5486	0.4546	0.1232	0.2254	0.4278	0.1866	0.9842	0.304	0.5674	0.2992
IL.1b_BacteroidesV	0.4634	0.4706	0.4636	0.2598	0.7604	0.1278	0.3998	0.541	0.148	0.072	0.465	0.872	0.1706	0.3552	0.3466	0.043	0.059	0.038	0.0442	0.2964	0.894	0.1606	0.3974	0.421	0.9158	0.2094	0.4968	0.41	0.1024	0.1808	0.3994	0.163	0.9964	0.2534	0.5442	0.2496
IL.1b_CandidaA	0.6878	0.387	0.6352	0.3452	0.8962	0.0448	0.1668	0.5828	0.193	0.0492	0.8534	0.5218	0.0414	0.5442	0.0784	0.0298	0.0398	0.0276	0.037	0.026	0.2594	0.0638	0.0328	0.0352	0.2816	0.027	0.0536	0.1018	0.1662	0.064	0.3126	0.3142	0.6276	0.0864	0.303	0.08
IL.1b_CD3.CD28	0.4096	0.5466	0.422	0.2688	0.7306	0.3424	0.5564	0.568	0.1868	0.2294	0.385	0.9848	0.3858	0.3116	0.5736	0.1936	0.1706	0.1914	0.1684	0.6086	0.7926	0.3448	0.6864	0.7044	0.7678	0.5162	0.772	0.6064	0.1152	0.352	0.4748	0.1476	0.8636	0.4464	0.6682	0.4494
IL.1b_ClostridiumP	0.431	0.488	0.4362	0.255	0.741	0.2048	0.4666	0.5424	0.157	0.1158	0.4152	0.9388	0.249	0.3288	0.4406	0.0806	0.0904	0.0748	0.0756	0.441	0.9678	0.2282	0.5294	0.5476	0.933	0.345	0.6214	0.502	0.102	0.2428	0.4264	0.1476	0.9402	0.3328	0.5988	0.33
IL.1b_PBS	0.5432	0.7608	0.5668	0.4962	0.7842	0.6494	0.7808	0.7186	0.4244	0.577	0.4696	0.8592	0.7016	0.4874	0.8324	0.586	0.5482	0.5906	0.5568	0.8476	0.6238	0.6306	0.929	0.953	0.6184	0.7828	0.9716	0.8146	0.3722	0.6614	0.6694	0.3834	0.7774	0.6878	0.8336	0.6934
IL.1b_PseudomonasA	0.3926	0.5076	0.4034	0.2396	0.7236	0.2848	0.511	0.5388	0.1596	0.1528	0.3626	0.9922	0.3314	0.2974	0.5252	0.1042	0.1074	0.1004	0.0906	0.5646	0.829	0.295	0.643	0.6588	0.8076	0.4654	0.7298	0.5836	0.0876	0.3026	0.4482	0.1202	0.8794	0.4044	0.6476	0.4066
IL.1b_StaphA	0.4334	0.521	0.4368	0.2758	0.7454	0.2668	0.4956	0.5598	0.1792	0.164	0.4172	0.9602	0.3052	0.3378	0.4886	0.1194	0.1214	0.1166	0.1058	0.5128	0.9224	0.276	0.5908	0.6084	0.8908	0.4078	0.6728	0.5466	0.116	0.2836	0.454	0.159	0.9218	0.3774	0.6232	0.3758
IL.10_BacillusS	0.3706	0.5612	0.394	0.2668	0.6928	0.4602	0.6284	0.5568	0.1958	0.3238	0.317	0.9106	0.51	0.2888	0.6736	0.3102	0.2542	0.3122	0.266	0.724	0.641	0.4466	0.7912	0.8092	0.6156	0.639	0.8806	0.7004	0.1168	0.4486	0.5098	0.1312	0.7884	0.5306	0.7234	0.539
IL.10_BacteroidesV	0.251	0.5128	0.2828	0.136	0.6182	0.4378	0.6458	0.474	0.1008	0.2276	0.2134	0.8294	0.5158	0.1606	0.7058	0.2146	0.15	0.2238	0.1408	0.7662	0.4508	0.4068	0.8416	0.854	0.4302	0.6722	0.9436	0.7328	0.043	0.4386	0.4722	0.0394	0.692	0.5228	0.7338	0.535
IL.10_CandidaA	0.6794	0.4398	0.638	0.374	0.8842	0.0826	0.2308	0.607	0.2348	0.084	0.7974	0.6148	0.07	0.5442	0.127	0.051	0.0674	0.0468	0.0624	0.0488	0.3784	0.1066	0.063	0.0704	0.4016	0.052	0.0996	0.1584	0.2	0.1012	0.3708	0.3348	0.7096	0.1416	0.3784	0.1308
IL.10_CD3.CD28	0.331	0.5284	0.3536	0.2114	0.6774	0.3832	0.5948	0.5234	0.1418	0.2196	0.2898	0.9124	0.4476	0.2454	0.6312	0.1914	0.156	0.1922	0.1502	0.687	0.6394	0.359	0.7638	0.7842	0.6142	0.5914	0.8542	0.6684	0.0784	0.3888	0.4686	0.0866	0.7906	0.4806	0.6964	0.4914
IL.10_ClostridiumP	0.3004	0.7102	0.3476	0.29	0.642	0.6956	0.8332	0.5786	0.247	0.5668	0.2302	0.6736	0.7756	0.247	0.9238	0.6052	0.5142	0.6162	0.5474	0.951	0.2598	0.6666	0.9436	0.9104	0.2536	0.8704	0.7796	0.8846	0.1598	0.7018	0.6108	0.1334	0.5808	0.7198	0.8798	0.7322
IL.10_PBS	0.6266	0.7232	0.634	0.5322	0.8314	0.56	0.6996	0.7472	0.4484	0.5068	0.5784	0.9824	0.5856	0.5604	0.7064	0.5036	0.4828	0.5032	0.4902	0.713	0.8612	0.5518	0.7692	0.782	0.848	0.6548	0.8432	0.7146	0.4032	0.57	0.645	0.4454	0.8964	0.6138	0.7732	0.6156
IL.10_PseudomonasA	0.2618	0.5164	0.2922	0.148	0.6332	0.427	0.6398	0.4876	0.1036	0.2228	0.2166	0.8318	0.5088	0.1734	0.6972	0.2132	0.1488	0.2196	0.1412	0.7634	0.4762	0.4026	0.843	0.859	0.4542	0.669	0.9392	0.7254	0.0462	0.4376	0.4688	0.043	0.71	0.5218	0.7282	0.5378
IL.10_StaphA	0.3616	0.536	0.3816	0.2398	0.7044	0.3732	0.572	0.5424	0.163	0.2234	0.3214	0.9408	0.4298	0.277	0.6088	0.1874	0.1628	0.1916	0.1548	0.6636	0.7122	0.3688	0.7308	0.747	0.6864	0.5668	0.8162	0.6482	0.0886	0.3858	0.479	0.1066	0.8312	0.4744	0.6902	0.48
CCL3_BacillusS	0.1318	0.8016	0.178	0.1748	0.5488	0.8156	0.9842	0.5606	0.2308	0.7058	0.119	0.4226	0.9542	0.0956	0.8698	0.754	0.6808	0.762	0.7034	0.8706	0.016	0.777	0.6814	0.5878	0.0162	0.9892	0.2986	0.974	0.0746	0.857	0.7006	0.0364	0.306	0.8572	0.9994	0.8726
CCL3_BacteroidesV	0.1586	0.6194	0.198	0.1064	0.5648	0.6554	0.8042	0.478	0.1208	0.4884	0.1422	0.6032	0.7532	0.1	0.9036	0.5394	0.3974	0.553	0.46	0.9284	0.1326	0.6094	0.9646	0.9298	0.1272	0.8386	0.8132	0.876	0.0354	0.6698	0.566	0.0184	0.4652	0.7058	0.858	0.721
CCL3_CandidaA	0.144	0.8592	0.1964	0.2064	0.5568	0.852	0.9638	0.589	0.2704	0.7404	0.12	0.3934	0.9948	0.1116	0.803	0.7828	0.7228	0.793	0.7386	0.808	0.0142	0.8022	0.5394	0.4362	0.016	0.94	0.185	0.9326	0.102	0.896	0.7312	0.0544	0.2874	0.8868	0.962	0.8998
CCL3_CD3.CD28	0.3496	0.4576	0.359	0.1686	0.6952	0.159	0.4496	0.5026	0.105	0.068	0.3282	0.989	0.2472	0.2498	0.4636	0.0466	0.0526	0.0456	0.045	0.4864	0.8414	0.1764	0.5926	0.6118	0.809	0.353	0.6882	0.5162	0.0612	0.219	0.4028	0.0844	0.8738	0.2952	0.5972	0.294
CCL3_ClostridiumP	0.1364	0.7736	0.1864	0.1686	0.557	0.7966	0.956	0.5564	0.2162	0.682	0.1244	0.453	0.9204	0.0964	0.9024	0.7294	0.6504	0.7374	0.671	0.9058	0.0256	0.7554	0.7462	0.6722	0.0262	0.9842	0.3928	0.9996	0.0684	0.83	0.6802	0.0336	0.3318	0.8404	0.9764	0.8522
CCL3_PBS	0.132	0.9014	0.1888	0.2174	0.5438	0.8876	0.906	0.5954	0.294	0.7806	0.112	0.3494	0.9442	0.1078	0.72	0.8236	0.7684	0.8328	0.7784	0.7304	0.0058	0.8416	0.3814	0.2724	0.007	0.8922	0.0874	0.8928	0.119	0.9402	0.7656	0.0568	0.2522	0.9238	0.9202	0.9378
CCL3_PseudomonasA	0.1898	0.6796	0.231	0.1782	0.5798	0.7094	0.8424	0.5212	0.1826	0.5728	0.1568	0.581	0.7996	0.1366	0.9502	0.6198	0.5088	0.628	0.5534	0.9712	0.1312	0.668	0.9132	0.8742	0.1244	0.8792	0.7356	0.9086	0.071	0.73	0.6132	0.0456	0.4658	0.7472	0.8938	0.7592
CCL3_StaphA	0.445	0.7362	0.4798	0.4424	0.7244	0.7196	0.8226	0.661	0.4288	0.6342	0.3584	0.7722	0.7822	0.3972	0.9006	0.648	0.5994	0.6558	0.617	0.9254	0.4438	0.698	0.9928	0.9816	0.4362	0.8466	0.899	0.8728	0.3246	0.7206	0.6944	0.3054	0.6676	0.7508	0.8722	0.7594
CCL4_BacillusS	0.1398	0.8014	0.1872	0.181	0.556	0.813	0.9778	0.559	0.2368	0.7044	0.1238	0.4394	0.9484	0.1034	0.8914	0.7504	0.6754	0.7602	0.6984	0.8808	0.0202	0.7704	0.7084	0.6224	0.0206	0.9956	0.345	0.9806	0.0828	0.8518	0.6958	0.0414	0.3206	0.85	0.9948	0.864
CCL4_BacteroidesV	0.1328	0.7102	0.1736	0.1146	0.5478	0.7514	0.8942	0.5074	0.1576	0.622	0.1222	0.4948	0.8576	0.083	0.985	0.6664	0.5622	0.677	0.6058	0.971	0.046	0.7068	0.8532	0.8012	0.0434	0.9206	0.5848	0.9482	0.042	0.7758	0.632	0.021	0.3642	0.7854	0.9282	0.8002
CCL4_CandidaA	0.1482	0.752	0.1954	0.1632	0.5658	0.7736	0.9234	0.5508	0.2074	0.6528	0.1344	0.4788	0.8952	0.105	0.9476	0.6964	0.6162	0.7072	0.6412	0.9414	0.0422	0.7238	0.7966	0.7398	0.0416	0.9574	0.4926	0.9762	0.0716	0.7976	0.6548	0.045	0.3574	0.8054	0.9526	0.8224
CCL4_CD3.CD28	0.2474	0.461	0.2714	0.109	0.6266	0.2506	0.5518	0.4596	0.0696	0.0594	0.2258	0.8942	0.3772	0.1582	0.6006	0.0294	0.0372	0.0308	0.017	0.6768	0.576	0.2376	0.7588	0.7808	0.5474	0.5484	0.8568	0.6514	0.0322	0.3078	0.423	0.0314	0.7548	0.4002	0.6686	0.4118
CCL4_ClostridiumP	0.1314	0.7898	0.1828	0.163	0.5526	0.8054	0.9702	0.5562	0.2176	0.6918	0.12	0.4368	0.9348	0.0952	0.8954	0.7362	0.6648	0.748	0.6852	0.8964	0.0246	0.7626	0.7198	0.6408	0.024	0.9962	0.3494	0.9886	0.0666	0.8416	0.6862	0.037	0.3134	0.8446	0.9836	0.8574
CCL4_PBS	0.1214	0.8342	0.1746	0.1852	0.5284	0.862	0.9686	0.5474	0.2358	0.7554	0.0954	0.3706	0.9992	0.0898	0.799	0.8054	0.7334	0.8162	0.7548	0.8124	0.002	0.8208	0.5522	0.438	0.002	0.9464	0.1698	0.9362	0.0906	0.901	0.72	0.0374	0.3012	0.8896	0.964	0.9058
CCL4_PseudomonasA	0.1272	0.7566	0.171	0.1382	0.5432	0.7896	0.9444	0.5342	0.1908	0.6746	0.1134	0.4424	0.9102	0.0838	0.922	0.7182	0.6344	0.7288	0.6648	0.9214	0.0222	0.7492	0.7668	0.6976	0.0206	0.9716	0.4178	0.9862	0.0528	0.8236	0.6712	0.026	0.3264	0.8292	0.968	0.8412
CCL4_StaphA	0.1874	0.6066	0.2272	0.133	0.5942	0.621	0.771	0.4952	0.1348	0.457	0.1674	0.6586	0.707	0.1228	0.8652	0.5014	0.3656	0.5156	0.4236	0.8974	0.2022	0.5782	0.9968	0.9722	0.1934	0.8084	0.869	0.8524	0.0468	0.6346	0.5556	0.0308	0.5184	0.6774	0.8336	0.6928
IL.17_BacillusS	0.2108	0.6402	0.2488	0.1738	0.5996	0.6548	0.798	0.5214	0.166	0.51	0.1758	0.6468	0.7406	0.1478	0.892	0.5518	0.4256	0.563	0.4808	0.9178	0.1956	0.6184	0.9826	0.9452	0.1898	0.8236	0.83	0.867	0.0654	0.6646	0.587	0.0508	0.5092	0.693	0.848	0.7066
IL.17_BacteroidesV	0.299	0.478	0.3196	0.1526	0.6592	0.273	0.5448	0.4846	0.1064	0.1132	0.271	0.9326	0.3652	0.205	0.584	0.073	0.0672	0.0716	0.051	0.6492	0.6578	0.2768	0.7276	0.7474	0.6278	0.5304	0.8226	0.6388	0.0492	0.3114	0.4428	0.0558	0.787	0.4056	0.6616	0.4156
IL.17_CandidaA	0.2692	0.4846	0.2938	0.1336	0.633	0.3542	0.599	0.4734	0.1028	0.1574	0.2374	0.8746	0.4434	0.1726	0.6432	0.1206	0.0926	0.1222	0.0732	0.7158	0.5488	0.3456	0.7922	0.8102	0.514	0.612	0.8824	0.6902	0.0432	0.3762	0.4568	0.0424	0.733	0.471	0.6942	0.48
IL.17_CD3.CD28	0.232	0.502	0.258	0.1198	0.6128	0.4102	0.631	0.463	0.0946	0.1906	0.2062	0.8162	0.509	0.1498	0.6964	0.1786	0.1196	0.1876	0.1094	0.7606	0.4428	0.3828	0.8424	0.863	0.4144	0.6646	0.9506	0.731	0.041	0.4208	0.4714	0.0364	0.6802	0.51	0.7212	0.5254
IL.17_ClostridiumP	0.1484	0.8926	0.201	0.2294	0.5544	0.8734	0.926	0.5972	0.2964	0.7644	0.1232	0.37	0.9614	0.1176	0.748	0.8074	0.7478	0.8198	0.7606	0.7586	0.0128	0.8248	0.4464	0.3406	0.0136	0.9096	0.1334	0.9068	0.1256	0.921	0.7532	0.0672	0.2742	0.9084	0.9282	0.9238
IL.17_PBS	0.5154	0.8908	0.5564	0.5588	0.758	0.835	0.979	0.7626	0.5264	0.7526	0.4102	0.6792	0.9498	0.4934	0.9122	0.7836	0.7368	0.7884	0.7446	0.9054	0.3656	0.8062	0.7828	0.7458	0.3718	0.9996	0.6372	0.9842	0.4602	0.874	0.7894	0.4272	0.6288	0.8698	0.9936	0.8782
IL.17_PseudomonasA	0.181	0.7062	0.224	0.1732	0.5804	0.7236	0.867	0.5388	0.193	0.5882	0.1518	0.5534	0.8264	0.1312	0.986	0.6358	0.5376	0.6488	0.5764	0.9994	0.0968	0.6788	0.882	0.8406	0.096	0.8948	0.6726	0.9254	0.0688	0.7466	0.6306	0.0476	0.431	0.7544	0.902	0.7694
IL.17_StaphA	0.1578	0.6812	0.1966	0.1388	0.5726	0.7146	0.855	0.5254	0.1666	0.5808	0.144	0.5612	0.8146	0.1048	0.9708	0.6236	0.515	0.635	0.5622	0.9854	0.0904	0.6686	0.9018	0.8682	0.0884	0.885	0.7058	0.9172	0.0496	0.738	0.614	0.0286	0.4124	0.7582	0.8984	0.7718
IL.6_BacillusS	0.286	0.4828	0.3102	0.1486	0.6396	0.3458	0.5914	0.4764	0.1054	0.1464	0.245	0.8984	0.43	0.1916	0.6338	0.104	0.0882	0.1052	0.0614	0.699	0.5888	0.3442	0.7758	0.791	0.557	0.5966	0.8626	0.6866	0.0486	0.373	0.4508	0.0482	0.7626	0.4682	0.6974	0.4764
IL.6_BacteroidesV	0.2172	0.7582	0.2628	0.2252	0.6132	0.7278	0.8846	0.5766	0.2276	0.598	0.1692	0.5472	0.8464	0.1726	0.9766	0.6472	0.5524	0.659	0.5894	0.9684	0.1064	0.689	0.8244	0.7688	0.1064	0.9246	0.5822	0.948	0.1178	0.7594	0.6454	0.0878	0.4434	0.768	0.923	0.7836
IL.6_CandidaA	0.4152	0.448	0.413	0.2096	0.7278	0.1114	0.4112	0.5094	0.12	0.0502	0.402	0.9126	0.1726	0.2986	0.367	0.023	0.0372	0.0208	0.0218	0.3402	0.9788	0.1362	0.45	0.4734	0.9936	0.228	0.553	0.4346	0.0742	0.179	0.3866	0.1148	0.9628	0.2528	0.5552	0.2466
IL.6_CD3.CD28	0.3322	0.4238	0.3424	0.1418	0.682	0.0826	0.412	0.4724	0.0792	0.0118	0.3208	0.9496	0.1796	0.2244	0.4124	0.0026	0.0092	0.0022	0.0018	0.4142	0.9014	0.1106	0.5334	0.5578	0.8616	0.278	0.639	0.4798	0.0398	0.172	0.3824	0.0564	0.8968	0.2566	0.5742	0.254
IL.6_ClostridiumP	0.2562	0.5188	0.2874	0.1488	0.6232	0.468	0.6538	0.4866	0.1114	0.2624	0.2186	0.8296	0.5454	0.1742	0.716	0.265	0.1758	0.2752	0.1846	0.7808	0.4522	0.4438	0.8602	0.8792	0.429	0.6878	0.9532	0.7432	0.0482	0.4686	0.485	0.0422	0.6934	0.55	0.745	0.5638
IL.6_PBS	0.3172	0.6834	0.3624	0.2872	0.6706	0.6436	0.7834	0.5882	0.233	0.5194	0.2606	0.7342	0.7224	0.259	0.8694	0.5478	0.4662	0.5586	0.4908	0.9066	0.332	0.6078	0.9966	0.97	0.3248	0.8228	0.8556	0.8416	0.1526	0.648	0.5914	0.137	0.6274	0.6788	0.8388	0.6916
IL.6_PseudomonasA	0.126	0.749	0.1708	0.125	0.5374	0.7726	0.9304	0.5264	0.1692	0.6518	0.1132	0.4502	0.8932	0.0846	0.9302	0.6954	0.606	0.7064	0.6378	0.9276	0.0242	0.725	0.771	0.709	0.0236	0.958	0.4358	0.9828	0.0438	0.8048	0.6574	0.0236	0.3302	0.8104	0.961	0.8266
IL.6_StaphA	0.3186	0.6136	0.3554	0.2608	0.6658	0.596	0.7296	0.5622	0.2274	0.4626	0.265	0.7938	0.6558	0.253	0.801	0.4762	0.3922	0.4834	0.4232	0.841	0.4378	0.5682	0.9174	0.9392	0.4232	0.7588	0.9806	0.7992	0.126	0.594	0.5696	0.1248	0.6768	0.6358	0.8046	0.6502
IL.13_BacillusS	0.4206	0.439	0.421	0.2156	0.736	0.0964	0.3924	0.506	0.121	0.0358	0.4138	0.8812	0.16	0.316	0.348	0.012	0.0238	0.0108	0.0112	0.3116	0.9324	0.1304	0.4154	0.4388	0.9646	0.202	0.5176	0.4192	0.0738	0.1732	0.3894	0.1212	0.9832	0.245	0.5534	0.2384
IL.13_BacteroidesV	0.409	0.4476	0.4114	0.2116	0.7324	0.1012	0.4024	0.5126	0.1152	0.0368	0.4026	0.8996	0.1674	0.3064	0.3612	0.0138	0.027	0.0124	0.0126	0.3284	0.96	0.1272	0.4362	0.4542	0.9914	0.2142	0.535	0.4292	0.0694	0.1748	0.3844	0.1114	0.9682	0.2458	0.5582	0.2398
IL.13_CandidaA	0.4298	0.4346	0.431	0.2198	0.7272	0.1078	0.388	0.5114	0.1232	0.048	0.4158	0.8832	0.1598	0.3148	0.3388	0.0254	0.035	0.0224	0.024	0.2886	0.9272	0.1296	0.4036	0.4286	0.9542	0.1914	0.5108	0.4034	0.0768	0.1676	0.3884	0.122	0.9842	0.2354	0.5396	0.2298
IL.13_CD3.CD28	0.3174	0.511	0.3368	0.188	0.6736	0.3446	0.5786	0.5112	0.123	0.1744	0.2824	0.9152	0.4184	0.2332	0.608	0.1402	0.1188	0.1396	0.1008	0.674	0.6434	0.3246	0.7532	0.7686	0.6158	0.5698	0.8432	0.6556	0.067	0.3592	0.4554	0.075	0.7926	0.4552	0.6838	0.466
IL.13_ClostridiumP	0.403	0.4398	0.4074	0.2024	0.7202	0.1082	0.4126	0.507	0.1146	0.0288	0.3856	0.9106	0.1798	0.2918	0.3882	0.0052	0.0186	0.0048	0.005	0.3766	0.9884	0.1392	0.4696	0.4944	0.9798	0.2566	0.5708	0.4642	0.0648	0.1884	0.3972	0.0984	0.9532	0.2672	0.5716	0.263
IL.13_PBS	0.4244	0.653	0.453	0.3534	0.7356	0.55	0.6968	0.6328	0.2796	0.4426	0.3778	0.881	0.6004	0.3508	0.7364	0.4486	0.3898	0.4548	0.4112	0.7812	0.6	0.5256	0.855	0.8762	0.5832	0.7052	0.957	0.7474	0.204	0.5468	0.5716	0.209	0.7762	0.6016	0.772	0.6064
IL.13_PseudomonasA	0.3882	0.4982	0.3964	0.2224	0.7306	0.2078	0.472	0.5398	0.1386	0.1	0.3746	0.9642	0.272	0.2858	0.4724	0.059	0.0684	0.0554	0.0514	0.4934	0.8922	0.2238	0.5842	0.6008	0.8592	0.38	0.6752	0.531	0.0792	0.25	0.4286	0.1116	0.9016	0.3432	0.6066	0.3468
IL.13_StaphA	0.4342	0.4934	0.4366	0.2628	0.7452	0.1884	0.4568	0.5418	0.1564	0.109	0.4214	0.9244	0.2402	0.3376	0.4286	0.0678	0.0822	0.0642	0.0626	0.4292	0.9864	0.2144	0.52	0.5368	0.952	0.3224	0.6068	0.489	0.0992	0.2382	0.427	0.1448	0.9482	0.3222	0.5892	0.3194
