baseMean	log2FoldChange	lfcSE	stat	pvalue	padj	Genes	Genotype
0.723648590754817	2.41629198234376	1.17212539931886	2.06146201059026	0.0392589841589354	NA	1100001G20Rik	AtgE
129.806451283563	-2.84928987535125	1.03000972781938	-2.76627472381591	0.00567007454891434	0.0490148834042951	2210010C04Rik	AtgE
1.01555611868464	2.25280200335474	0.765381140111842	2.94337276592097	0.00324657242687488	NA	3110043O21Rik	AtgE
8.70827051431977	2.1777204098869	0.305991115064505	7.11694001124124	1.10349484993892e-12	1.48420057316785e-10	5730408K05Rik	AtgE
0.730470701631313	-2.12395171665152	0.838124799092199	-2.53417118662046	0.0112713653571252	NA	9130019O22Rik	AtgE
1.22050333510606	2.00344624408678	0.957283886201818	2.09284442469389	0.0363630446625051	NA	Adipoq	AtgE
1.0205289129117	-2.14105061269807	1.21065908382022	-1.76850001896654	0.076977349030932	NA	Aldh1l1	AtgE
4.99923960877992	-5.8043938517595	2.49880085969417	-2.32287172034586	0.020186044745402	0.116900883455611	Amy1	AtgE
517.012901455365	-5.0601681239372	1.15098095357227	-4.39639605523627	1.10063030019489e-05	0.000334541865256977	Amy2a5	AtgE
228.896534185174	-5.35793271480199	1.20808744540017	-4.43505371668458	9.20493337494576e-06	0.000287725217673287	Amy2b	AtgE
0.479081714761531	2.10838298776437	1.05253022400799	2.00315671671236	0.0451604698511714	NA	Art1	AtgE
6.08850036495569	2.85403534427989	0.507874329250543	5.61956999971137	1.91433307056888e-08	1.18380596777708e-06	Atf3	AtgE
2.13536139084739	2.56864131923984	0.803073057213282	3.19851512408248	0.00138137287123729	NA	Camp	AtgE
2.62007029277919	2.13769889697442	0.526587894493205	4.05952912957061	4.91717736684126e-05	NA	Cars	AtgE
3.66167549793853	2.11877532263671	0.642295201678261	3.29875626830239	0.000971141916022788	NA	Casq2	AtgE
0.601692595743405	-2.04353709265773	0.874730642578945	-2.33619012892109	0.0194813345414094	NA	Cbx2	AtgE
1.51691334667224	-2.08134322069766	0.635289765552734	-3.27621084669416	0.00105209984045591	NA	Ceacam2	AtgE
41.6111211521021	-2.33307496419478	0.986526116699243	-2.36493988826254	0.0180329976217152	0.109008457533514	Cel	AtgE
112.283049933419	-2.57988735921733	0.969780155135054	-2.66028062706443	0.00780755695544455	0.0609646682442549	Cela1	AtgE
477.435903322076	-5.07173263855968	1.20982507769936	-4.1921206065626	2.76359001577484e-05	0.000739707178351674	Cela2a	AtgE
31.0383745071707	-2.85344332405437	1.34240168651103	-2.1256255506283	0.0335344504005756	0.161625690285614	Cela3b	AtgE
3.18193843962062	2.46152954231284	0.801401279296209	3.07153183543025	0.00212963453035683	NA	Ckmt2	AtgE
89.4926783283348	-2.86905489084122	1.00806121694792	-2.84611176643397	0.00442566584433898	0.0411851498559484	Cpa1	AtgE
7.52388385920197	-2.98527689254042	1.27319355325234	-2.34471568357741	0.0190415936512649	0.112823539475556	Cpa2	AtgE
63.8450728147131	-3.21417526310242	1.10551280136805	-2.90740664343728	0.00364439106380669	0.0362418187121626	Cpb1	AtgE
173.889595474123	-2.31640436782397	1.00153887916819	-2.31284517855943	0.0207311528332348	0.118400851637795	Ctrb1	AtgE
40.8117975579492	-2.97851795959159	1.06547203065974	-2.79549145719695	0.00518208713477579	0.0460820310497417	Ctrl	AtgE
6.02706501152202	-4.89767396323093	2.10381161013223	-2.32800025422575	0.0199120901681531	0.115563155452712	Cuzd1	AtgE
0.797352288640967	2.71396957444393	1.06159955285285	2.55649087940048	0.0105733842873837	NA	Cxcl1	AtgE
23.1989907249895	-2.9398743639544	0.235013027740586	-12.5094101898024	6.63147868274539e-36	1.18924517710567e-32	Ddx3y	AtgE
3.35259891350694	-2.18304775750088	1.780591071343	-1.22602420771117	0.220189565447279	NA	Dmbt1	AtgE
0.654052508065076	-2.96190024333541	1.04860823982787	-2.82460134379795	0.00473394749758988	NA	Dnase1l1	AtgE
39.9658186036153	2.30135601032852	0.221572051816117	10.3864904958249	2.85671840427491e-25	2.19559214499986e-22	Dusp1	AtgE
5.39832642453609	-3.87539833810079	0.496646569400263	-7.80313119404131	6.03897109481157e-15	1.0153020153152e-12	Eif2s3y	AtgE
0.714767624279539	-2.51531991477253	0.908604374113885	-2.76833348642592	0.00563437692160586	NA	Eif4ebp2	AtgE
181.648673699756	2.01092653524548	0.208377475321658	9.65040262696991	4.89631078206167e-22	2.63421520074918e-19	Fos	AtgE
51.7500949368178	3.19573600826786	0.267000895683784	11.9690085686179	5.16420068096978e-33	6.94584991590435e-30	Fosb	AtgE
0.968557645249607	2.38875270365887	0.800494947512175	2.98409466678432	0.00284418759795932	NA	Fstl1	AtgE
1.61748237614081	-3.70836532782362	2.98340898415996	-1.24299596452003	0.213869320542577	NA	Gal	AtgE
2.43493188484204	2.11165043011268	0.678182395225892	3.113691014361	0.00184762869739506	NA	Gas6	AtgE
3.44981357022094	-2.00278566797524	0.607623296089007	-3.29609756713782	0.000980379611200707	NA	Gbp1	AtgE
10.5535262587914	2.58502882605728	0.371937038442626	6.95017854871703	3.64824179652395e-12	4.36167574784419e-10	Glycam1	AtgE
83.426575614602	-5.25316404118162	1.45262897208099	-3.61631506884796	0.000298826627609219	0.00523454744083947	Gm13011	AtgE
1.30644912995651	-2.31697474523507	1.86427699943259	-1.24282751218851	0.213931401957284	NA	Gm5771	AtgE
10.9534838665352	-3.4906725962682	1.59335314788546	-2.19077145634706	0.0284683351649644	0.146144697698004	Gp2	AtgE
0.953268660531083	-2.05881430926555	0.853124919534077	-2.41326242162748	0.0158104315723485	NA	Hdac11	AtgE
0.460227797310183	-2.03683013294962	1.10624544081275	-1.84120996824464	0.0655907951340687	NA	Hmmr	AtgE
4.03499752929447	2.25723492618871	0.636887154815253	3.54416776837569	0.000393854538955671	0.0064405392692447	Hspb7	AtgE
0.982421444062931	2.08440094204044	0.802473718429524	2.59746941759003	0.00939134827303387	NA	Ifng	AtgE
1.91111144105942	2.15920628167119	0.624276259860714	3.45873521147983	0.000542718166658843	NA	Il1b	AtgE
0.37437947065832	-2.37783384606628	1.02554955093176	-2.31859479037936	0.0204170178567047	NA	Kdm5d	AtgE
1.64536826084074	-3.35822285412162	2.9823402708554	-1.12603611564364	0.260150232727559	NA	Klk1b3	AtgE
5.86100677439821	-5.23567761292674	1.70734322524275	-3.06656420075251	0.00216534302198266	0.0244738349963586	Klk1b5	AtgE
0.215771321883532	-2.07987211640798	1.43664734056772	-1.4477262844381	0.147693615915928	NA	Klra18	AtgE
0.879047225001461	2.14909555205207	0.864330023170723	2.48642936660732	0.0129032181174859	NA	Lrrc10	AtgE
0.712160062533926	2.01236232671878	0.806668721247419	2.49465768749147	0.012607869313683	NA	Lrrc17	AtgE
2.89382867269338	2.61431172830444	0.566469714387836	4.61509532090279	3.92914938999174e-06	NA	Maff	AtgE
0.535282625144202	-2.15930563319505	1.00707224838041	-2.14414173031545	0.0320215322775675	NA	Maged2	AtgE
0.461733906813445	-2.22522222303132	1.0394673445976	-2.14073316934526	0.0322955620476408	NA	March9	AtgE
0.748236093670552	2.37177550465111	1.21912214177341	1.94547816283689	0.0517174554476166	NA	Mid1	AtgE
0.807171021595777	-2.06585107171814	3.00489382077877	-0.687495530601721	0.491770516249203	NA	Mir5109	AtgE
0.501176633368273	2.28345779923814	1.13041217356554	2.02002230039303	0.0433810744311054	NA	Mx2	AtgE
8.94945709555876	2.0883718717912	0.471992717453361	4.42458494499453	9.66278780488105e-06	0.0002970617050872	Myh7	AtgE
0.57750077098551	-2.43210069493133	1.10476331068748	-2.20146765502002	0.0277029340628355	NA	Myo7a	AtgE
0.672745442297733	2.19627637731921	1.25653431554505	1.74788412075043	0.0804840950196742	NA	Myoz2	AtgE
0.625003011701787	-2.15506416097617	0.948405286869704	-2.27230298144915	0.0230682168629218	NA	Naip2	AtgE
0.223950332600563	-2.00536007963691	2.26352060974523	-0.88594734724444	0.375645900617968	NA	Nhsl1	AtgE
22.7514880863954	2.04511824975315	0.290302447753508	7.04478472565148	1.85748455667783e-12	2.27119702611971e-10	Nr4a1	AtgE
1.91830126367597	2.94475081721842	0.647150523056375	4.5503336740128	5.35609110673639e-06	NA	Nr4a2	AtgE
0.601941625508464	-2.19104359026535	3.00311235257651	-0.729590948665492	0.465640256529507	NA	Osmr	AtgE
3.49133842527951	-4.75799984051086	1.87346546038662	-2.53967844143172	0.0110954428989083	NA	Pdia2	AtgE
7.35354317295172	2.16704035917627	0.389268144645713	5.56696043327299	2.59221225593214e-08	1.53253867438625e-06	Phlda1	AtgE
0.964884549603962	2.06456842823837	0.785830284833284	2.62724467112689	0.00860794153008105	NA	Pisd-ps2	AtgE
15.0788257576104	-3.50019971688838	1.11106064233964	-3.15032283883062	0.00163090135251805	0.0199414756285161	Pla2g1b	AtgE
73.4739630621342	-2.64553378658763	1.10665536356554	-2.3905669946459	0.0168223797024774	0.103908614006118	Pnlip	AtgE
52.5479226828443	-4.99909229785616	1.24136456222279	-4.02709441689296	5.64703605879142e-05	0.00135026906650213	Pnliprp1	AtgE
16.0273855042645	-4.15592186659574	1.6134159453669	-2.57585272944025	0.00999932255570099	0.0735928253757474	Pnliprp2	AtgE
0.703805790473295	2.00957525577044	0.859191683843611	2.33891376459857	0.0193398969756698	NA	Ppp1r3c	AtgE
37.2818780384347	-3.14458016455915	1.21448354583327	-2.58923241516756	0.00961901483670125	0.0712814047127448	Prss2	AtgE
0.680598184497238	-2.08955567065464	0.917899454843569	-2.27645376585472	0.0228188648116621	NA	Rab23	AtgE
0.887788171749179	-2.55456405290692	2.23894192240012	-1.14096932454972	0.253882688522322	NA	Rab38	AtgE
12.8305210784268	-2.58542399604789	1.59625551101215	-1.61968054500782	0.10530091748091	0.329754910388416	Reg1	AtgE
2.89323299930476	-4.92981604274929	2.91183162121262	-1.69302922835088	0.090449903868358	NA	Reg3d	AtgE
6.00702373688413	2.90973887414878	0.50193512830322	5.79704170932424	6.74949093379928e-09	4.54042268043727e-07	Retnlg	AtgE
1.49905155724907	-2.83750767974928	1.8087748684425	-1.56874563510085	0.116707220531174	NA	Rgs9	AtgE
19.3906744524043	-2.50771830779803	1.32899635762588	-1.88692639630543	0.0591702261855709	0.23200426783138	Rnase1	AtgE
1.41031548893621	-2.35378815733958	0.718054654635926	-3.27800696248257	0.00104542816989688	NA	Rnf130	AtgE
21.1799691559608	2.19806345134689	0.542075236533371	4.05490474976082	5.01547358044606e-05	0.0012265112664909	S100a8	AtgE
21.5771812177666	2.35340005051562	0.630212764272045	3.73429448582182	0.000188242132145439	0.00369614113482651	S100a9	AtgE
1.32609330169056	2.50680870214471	1.03457011563299	2.42304379786859	0.0153910709542658	NA	Saa3	AtgE
0.472548016404732	2.0270898566896	1.2246079833707	1.65529694744443	0.0978642778436738	NA	Scara3	AtgE
0.816491150638419	2.85561815359871	0.914845964927104	3.12141963027213	0.00179981367696689	NA	Sec14l4	AtgE
3.57660841161571	-4.88692720513678	2.96609425739901	-1.6475967319468	0.0994354515090924	NA	Serpini2	AtgE
0.799926639867725	-2.02356511367346	1.1992685428648	-1.68733277105692	0.0915393829836101	NA	Slc16a7	AtgE
0.442602328566834	-2.49329046498065	1.12937794797834	-2.20766703426766	0.0272674924644501	NA	Slc27a3	AtgE
14.3054967633008	-4.55761052328753	1.83568597876554	-2.48278331697692	0.0130360357155012	0.0885528688755007	Spink3	AtgE
0.830286435368341	-2.22136014356276	0.972148912761691	-2.28499987440432	0.0223128351245847	NA	Tbxas1	AtgE
8.411652156082	-5.46830207286033	2.0778382732686	-2.63172651269835	0.00849522166572486	0.0652175543891393	Tff2	AtgE
42.0863786762741	-2.05449457757277	1.16216635774285	-1.76781453350877	0.0770919144375741	0.272897363063123	Try4	AtgE
1.85862568570562	4.09988251524878	0.753513533777753	5.44102040834483	5.29762441626386e-08	NA	Tsix	AtgE
1.18935258355778	-2.0525989954755	0.763214809552695	-2.68941190577589	0.00715780366951376	NA	Uty	AtgE
81.5273776291557	6.12808235030113	0.320486495857019	19.1211874120122	1.68233636537477e-81	9.05096964571626e-78	Xist	AtgE
0.347985755323573	-2.14534166317893	1.13552276365994	-1.88929868412696	0.0588518177775902	NA	Zfp213	AtgE
0.442837407440973	-2.13293313491746	1.25493167780813	-1.69964084311175	0.0891985028917281	NA	Zfp235	AtgE
93.5661540168834	-4.47058872675469	1.55924953990023	-2.86714128326166	0.00414198060155613	0.0395103823339929	Zg16	AtgE
