baseMean	log2FoldChange	lfcSE	stat	pvalue	padj	Genes	Genotype
0.820803449120745	-2.12661478051344	0.835309113708587	-2.5459015657949	0.0108995918658818	0.102000439208357	2610318N02Rik	AtgH
1.62645610713088	2.25497578398068	0.613685356091238	3.67448198266186	0.000238332460757497	0.00575118285665383	2810454H06Rik	AtgH
0.811005387381924	2.06002320262917	0.771142653652052	2.67139055643351	0.00755377007097616	0.0794781516326133	4933421O10Rik	AtgH
9.31156004770497	2.25048562276855	0.29258548611776	7.69171995723249	1.45170094547363e-14	4.84958847097285e-12	5730408K05Rik	AtgH
0.699918328219722	2.16261449531662	1.1258939710139	1.92079765146013	0.0547572226838784	0.2730095883906	A730020E08Rik	AtgH
0.748554566550687	2.37994485982076	0.985020359494937	2.4161377344942	0.015686126494596	0.128988224790178	Abca8a	AtgH
0.397440297509145	2.13602251621323	1.48454026868301	1.43884444314076	0.15019460121911	NA	Abcc8	AtgH
8.5315232918411	2.06905933593324	0.374967931889567	5.51796343091709	3.4295077201738e-08	3.02987087013702e-06	Acta2	AtgH
95.4474856402487	2.2281914320592	0.348244709610407	6.39834969654513	1.57065246106526e-10	2.3000376450394e-08	Actc1	AtgH
9.81291238362424	2.14729803633334	0.379268949812774	5.66167633125084	1.49901364214667e-08	1.43075498522749e-06	Actn2	AtgH
3.4889034735317	2.68454364220865	0.537666017754514	4.99295762343372	5.94616078701122e-07	3.76121058065976e-05	Adprhl1	AtgH
1.60603592012359	2.53603509499904	0.742342611670528	3.4162596288149	0.000634876854294342	0.0122876722352716	Aebp1	AtgH
3.8447451729494	2.76915874847462	0.569867530613373	4.85930255667321	1.17799994980961e-06	7.11458726749422e-05	Ak1	AtgH
8.65721146611044	2.29352596967338	0.69922696173411	3.28008800459489	0.00103774710442988	0.018123134946129	Alas2	AtgH
1.16071664419613	2.48624224712197	0.814383056375859	3.05291499823948	0.00226630123742933	0.0335041058771989	Aldh1a1	AtgH
1.0209324081374	2.1917767705872	0.867100005402686	2.52770932641077	0.0114809360827004	0.106260785042482	Amotl2	AtgH
1.76041732890372	2.13773513907787	1.61433660327631	1.32421896074172	0.185430335497578	0.523435512666784	Amy1	AtgH
13.110454690887	3.00523031722875	0.41227227915309	7.28943096393053	3.11266880837951e-13	8.99308907069647e-11	Ankrd1	AtgH
1.8810575512106	2.3327627067149	0.735075804154117	3.17349951329075	0.00150613154321404	0.0244317848208771	Apbb1	AtgH
1.22024844623761	2.21152844300529	0.767052210155552	2.8831524291636	0.00393716871787006	0.0486767010456098	Apold1	AtgH
2.28018851827392	2.0994876859294	0.585679176221064	3.58470604926706	0.00033745806056664	0.00765907997337025	Aqp1	AtgH
1.21851823362433	2.28112387483094	0.669868844384357	3.40532910875623	0.000660843597968323	0.0126602474234433	Arhgap10	AtgH
0.817399206788987	2.45002815726609	0.900423834057015	2.72097212956599	0.00650902490531873	0.0710015063651604	Art1	AtgH
0.525177475845426	-2.23404321043614	0.909135933470008	-2.45732582795314	0.0139975667440105	0.121180702723696	Arxes2	AtgH
5.54898519535833	2.31859936523408	0.373167720859168	6.21329025966079	5.18864752166402e-10	6.98218024273634e-08	Atf3	AtgH
3.22010705659	2.11321115889634	0.47793504252068	4.421544709823	9.79977808733922e-06	0.000447690716895967	Atp1a2	AtgH
48.1782791968289	2.27240438769709	0.400333304264077	5.67628114746635	1.37654469744332e-08	1.37525820707188e-06	Atp2a2	AtgH
0.80040273859217	2.02160766940551	0.863776723819321	2.34042850850004	0.0192616257362239	0.146321691215636	Bace1	AtgH
335.599737910134	2.02603289270397	0.461961864423088	4.38571459839904	1.15605618994818e-05	0.000523654265701104	Beta-s	AtgH
12.144161774984	2.40619371513565	0.376955556410486	6.38322920093907	1.73392084093172e-10	2.50481267426487e-08	Bgn	AtgH
1.08534106086245	2.32150779951389	0.686794773456538	3.3802059788983	0.000724315254492222	0.0135365910323809	Bicc1	AtgH
0.377586179058749	2.02537870057175	1.30912745990083	1.54712108836612	0.121834049666941	NA	Bves	AtgH
0.739251446818946	2.66166088533976	1.02982698805733	2.58457091939367	0.00975002505729661	0.0946859239400186	Cacna2d1	AtgH
0.705828016156814	2.39492366283447	1.00174806609341	2.39074448346491	0.0168142502072201	0.135073878123638	Cap2	AtgH
2.59450199818842	3.1338975010611	0.680721788278308	4.60378609150649	4.14878600737852e-06	0.00020920057744753	Car3	AtgH
4.89741406357987	2.6446110104046	0.562660431108402	4.70019013989468	2.59919367410984e-06	0.000142489130134534	Casq2	AtgH
2.66503536141647	2.0312761159162	0.669044834859335	3.03608369735531	0.00239672823833539	0.0347168358642348	Cav1	AtgH
0.757817597676055	2.34306423178173	0.809852667203521	2.89319814167248	0.00381340645580885	0.0476230315567718	Cbr2	AtgH
1.40438247955726	2.81329100857085	0.730328343236313	3.85209068581986	0.000117113632590603	0.0032864856297238	Ccdc80	AtgH
3.47682495901785	3.09173304106867	0.50759851986602	6.09090239641504	1.12275991413858e-09	1.42884565263588e-07	Ccl4	AtgH
1.63483671975417	2.00323795191675	0.607614442736066	3.29688995359663	0.000977617977085478	0.01721295152328	Ccrl2	AtgH
1.16529185955088	2.46847001618665	0.841598160004817	2.93307439761099	0.00335623457019486	0.0437538384821744	Cdh13	AtgH
5.91055591786833	2.08857841237465	1.12678261283714	1.85357706853126	0.0637996908256575	0.298426393161455	Cela3b	AtgH
0.467714210328175	2.05902646070595	1.34576958604536	1.52999925251435	0.126016913949881	NA	Ces1d	AtgH
6.31380579678459	3.30984570031368	0.56281447759014	5.88088230154594	4.0808528250356e-09	4.4514608877174e-07	Cfd	AtgH
0.771694008842671	2.44656146447806	1.04779388693479	2.33496443812553	0.0195452785721677	0.147625031498841	Cgnl1	AtgH
0.639160139200749	2.69055079093106	1.03927316546328	2.58887738117598	0.00962893748231082	0.0943893499502827	Cidec	AtgH
0.764409863468675	2.67193300096246	0.946975719034355	2.82154330597522	0.00477931842081199	0.0565164976974338	Cilp2	AtgH
12.3170601930378	2.37659804533767	0.393469646036676	6.0401051752697	1.54013803796554e-09	1.84989613773614e-07	Ckm	AtgH
4.31187773519953	3.7899413881922	0.674720810175761	5.61705127666796	1.94243792456214e-08	1.80562273161472e-06	Ckmt2	AtgH
0.978289339484781	2.0119591806095	0.784086180325782	2.56599240120971	0.0102881081977756	0.0979339952219246	Clec10a	AtgH
0.788408150347436	2.23331204991458	1.01506581180399	2.20016478138053	0.0277952060411519	0.184324288200939	Clic5	AtgH
1.13582680388206	2.15196623722654	0.766281086603699	2.80832487562032	0.00497999598464893	0.0578518264240492	Clip4	AtgH
24.8147166740774	2.80685367060935	0.796557140881595	3.52373172815053	0.000425514836182861	0.00911573867493944	Clps	AtgH
0.389498575459374	2.02472859735178	1.29462213956705	1.56395332311317	0.117828530545551	NA	Cmbl	AtgH
3.57077851124096	2.74556996032101	0.6556922291017	4.18728458027091	2.82311759383122e-05	0.00106640025010798	Cmya5	AtgH
0.572967842114257	2.32877737711551	0.952470050001329	2.44498751127373	0.0144857157898752	0.123585236866533	Col14a1	AtgH
7.60719301351001	2.05094940990782	0.365255919470666	5.61510245441082	1.96445811465033e-08	1.81034976255276e-06	Col3a1	AtgH
2.68005811115097	2.45522010839352	0.630432592682391	3.89450059672034	9.84012496565712e-05	0.00287406928641734	Col4a1	AtgH
0.918025991761201	2.23213825911885	0.854467080430038	2.61231627319739	0.0089931015209646	0.0901828503488595	Comp	AtgH
1.30295546900691	2.0656348301749	0.747915765806596	2.76185491015448	0.0057474012804971	0.0650844488225784	Corin	AtgH
53.6986052089592	2.24927169160075	0.331685648327093	6.78133558972268	1.19069929039182e-11	2.27295989540867e-09	Cox6a2	AtgH
2.88051965840175	3.76370282360853	0.757982103615086	4.96542438885838	6.85509974891347e-07	4.28543955063655e-05	Cox7a1	AtgH
8.05872765115462	2.34173035111592	0.452570304181311	5.17429077754461	2.28778304023926e-07	1.64136917450723e-05	Cox8b	AtgH
18.1262976194637	2.01483144810384	0.62144153787797	3.2421898526189	0.00118614975847928	0.0202879054690297	Cpa1	AtgH
1.60884054891491	2.98165000643438	0.911994080995458	3.26937429591632	0.00107785617408114	0.0186882152563277	Cpa2	AtgH
14.619769327013	2.30992813228677	0.346958559111349	6.6576485047756	2.78243215989102e-11	4.64753121706796e-09	Crip2	AtgH
18.0347363299352	3.0591692463045	0.458684718164605	6.66943790616254	2.56784995015625e-11	4.35719301066196e-09	Cryab	AtgH
0.72441169514874	2.27816442992496	0.952591220621365	2.39154464224323	0.016777643451941	0.135054976281061	Csdc2	AtgH
10.6925993850804	2.95827872322897	0.429634863398994	6.88556487205199	5.75586768277827e-12	1.20647501037058e-09	Csrp3	AtgH
0.818963561016866	2.30599533633705	0.849822268348212	2.71350307261209	0.00665759508253047	0.0723269221872467	Ctgf	AtgH
16.9739619702852	3.2613221818163	0.896910323598445	3.63617420382869	0.000276717233598306	0.00650133456519976	Ctrl	AtgH
0.55324279798866	2.14402843941904	0.933792201489974	2.29604449041018	0.0216733376669855	0.157900228298608	Cytl1	AtgH
1.11253498521806	2.13152299422307	0.82885198373125	2.57165698588013	0.0101213116428867	0.0967905410316316	D830015G02Rik	AtgH
12.9593422920058	2.78792253309738	0.396461510794473	7.03201308876274	2.03574700400976e-12	4.73089901584007e-10	Des	AtgH
0.914938624525477	2.11352528033562	0.932887523085395	2.26557353167875	0.0234775071815875	0.166649768772357	Dhrs7c	AtgH
3.2519992661628	2.13780370731247	0.609244857665966	3.50894009266234	0.000449896229215588	0.00944870469609948	Dkk3	AtgH
2.73705503504411	-2.34282513350122	2.33029208407452	-1.00537831695535	0.314714716644587	0.663046198276472	Dmbt1	AtgH
2.19170364147147	2.05002585445906	0.721468352105778	2.84146331363749	0.00449070184370561	0.0538783419856487	Dpt	AtgH
0.787570064775187	2.09216066529078	0.848014246970393	2.46712914643264	0.0136201224289875	0.118566049483612	Dpysl3	AtgH
4.85705423863751	2.31265904855114	0.40769304237718	5.67254970814921	1.40687678971333e-08	1.38255815854352e-06	Dsp	AtgH
37.3755535349156	2.45114004766085	0.217834039998835	11.2523279083194	2.25559062537539e-29	1.8547895219433e-26	Dusp1	AtgH
6.32134836483786	2.73283349305386	0.455150853484601	6.00423677585463	1.92234000621714e-09	2.16313838594329e-07	Eef1a2	AtgH
3.22458447501692	2.00878329096545	0.442978977832675	4.53471471895496	5.76813957329935e-06	0.000277029540795819	Egfl7	AtgH
0.489374506825477	2.34464632992766	1.17136186141139	2.00164134343812	0.0453233191247009	NA	Epha4	AtgH
2.37805510945669	2.45037820998247	0.714776310372577	3.42817490510452	0.000607653830515848	0.011935237629662	Ephx2	AtgH
16.976881279151	2.4573481691015	0.518696794298789	4.73754261856103	2.16325372576678e-06	0.0001230062889811	Fabp3	AtgH
5.7129840390338	2.20401985621026	0.444723319588808	4.955934980536	7.19832868333242e-07	4.47384497818741e-05	Fabp4	AtgH
0.727320929970191	2.44353358751301	1.09365884163806	2.234274066539	0.0254650456138158	0.174837082602242	Fbn1	AtgH
1.82591950975365	2.4700520925405	0.679879340829466	3.63307420038236	0.000280064438010322	0.006548806831108	Fbxl22	AtgH
0.590553755753728	2.05389786209076	0.911180040709024	2.25410760807771	0.0241893991666372	0.169021066210309	Fcgr4	AtgH
1.87185687454892	2.38331545849348	0.651629507505062	3.65747012841491	0.000254716933612673	0.00607795540249883	Fhl1	AtgH
3.29732147433894	3.70976270907545	0.988851810230879	3.75158610288562	0.000175719384597971	0.00448315088628236	Fhl2	AtgH
1.45842233000581	2.5568562787016	0.721689789168416	3.54287439988281	0.000395791158489505	0.00863470915153635	Fhod3	AtgH
1.01128054710568	2.44678361736758	0.916507059165298	2.66968332965812	0.00759228135054347	0.0798048059363911	Fkbp9	AtgH
1.09727915279311	2.29084539387651	0.860790675047938	2.66132691754466	0.0077833345783522	0.0809375940102967	Fmod	AtgH
148.409262930042	2.61172530698876	0.181985077557338	14.3513157344777	1.04535015693951e-46	3.72493105922777e-43	Fos	AtgH
62.0791553526292	3.7589085526949	0.298925012119875	12.5747542035308	2.9070303267561e-36	4.43945059900325e-33	Fosb	AtgH
2.41547472809848	3.14751843951845	0.700793663297276	4.49136258554221	7.0768954086562e-06	0.000330358130648623	Fstl1	AtgH
10.3887273290983	2.17268912444765	0.360313585647394	6.02999501266062	1.63964739081068e-09	1.92613523162265e-07	Fxyd1	AtgH
0.723477167790314	2.22534359569355	0.81844549916947	2.71898812804488	0.0065481958318197	0.0712833130775485	G0s2	AtgH
0.714537850462054	-2.24146120518802	0.935772960921688	-2.39530452234941	0.0166065665513938	0.134183066087981	Gad1	AtgH
1.82892070890908	2.73905814480979	0.686361720757986	3.99069187859851	6.58808244747844e-05	0.00213121138458113	Gas6	AtgH
1.00185360749194	2.85030107123138	1.00799513429673	2.82769328367842	0.00468847029870026	0.0558014421247044	Gata4	AtgH
0.594147075893896	2.43725876679033	0.981607001216855	2.4829272445785	0.0130307699112642	0.115889293137616	Gata6	AtgH
2.23477387742551	-2.06269080013903	0.557144248897901	-3.70225629039388	0.000213690592281081	0.00527564071936434	Gcsam	AtgH
0.743618891162487	2.79979130319968	0.811685262882819	3.44935584176534	0.000561925675878076	0.0112490364702933	Ggnbp1	AtgH
0.981655413462044	2.98621777688697	0.872504282163903	3.42258237344215	0.000620292998700543	0.0120995409950627	Ghr	AtgH
0.652771295403199	2.59225953739347	1.17461935949979	2.20689325135708	0.0273215180254537	0.182577428776052	Gja1	AtgH
8.76907956715971	2.56592541338623	0.45426396389687	5.64853393030481	1.61821915875844e-08	1.53086396523254e-06	Glycam1	AtgH
1.29312112182172	3.21432852224791	1.36783255081829	2.34994299581844	0.0187762863502309	0.143678239859677	Gm10334	AtgH
2.31092696287532	2.9550437377895	0.804871420246794	3.6714482132853	0.000241179951815251	0.00579373861776412	Gm1078	AtgH
2.19382559850145	2.50763746026464	1.68966240256921	1.48410561568492	0.137780903655405	0.451583129262142	Gm5409	AtgH
2.70017626353233	4.03353527230257	1.79095186262946	2.25217402905546	0.0243112765504399	0.169750193549446	Gm5771	AtgH
1.37248723980298	2.39562639937253	0.830209659573658	2.88556796677452	0.00390708088984022	0.0484532421257447	Gnao1	AtgH
2.92813492424369	2.15411353240128	1.67018053428934	1.28974891526793	0.197137849965867	0.536993259292166	Gp2	AtgH
0.767917257338299	2.29139386792696	0.953177373218561	2.40395327491849	0.016218846163724	0.132148982843148	Gpd1	AtgH
1.07555823665328	2.39790217050808	0.992361271439534	2.41636008933485	0.0156765495965739	0.128988224790178	Gpm6a	AtgH
3.62538803871862	2.41547407132502	0.495814452594112	4.871729855165	1.10625362226692e-06	6.71923364888261e-05	Gpnmb	AtgH
0.527383152640337	2.08866730576356	1.00628224422477	2.0756277055973	0.0379283969647587	0.220368721142863	Grb14	AtgH
0.681526136138383	2.01568413003977	1.14637411063871	1.75831267588267	0.0786943220577194	0.338255851546852	Gstm7	AtgH
0.412090112406183	2.0298796501564	0.951872807815634	2.13251143796678	0.032964825210512	NA	Gtdc2	AtgH
2.20418310836009	2.2475949845237	0.70452349208442	3.19023426440176	0.00142157508928301	0.0233077265405451	Hp	AtgH
3.62847791205151	2.34579215812063	0.542174010404566	4.32664073360915	1.51400600655243e-05	0.000644809729483884	Hrc	AtgH
13.2045041534271	2.09999937814098	0.302331588642129	6.94601377108087	3.75752106398271e-12	8.03358003479505e-10	Hspb1	AtgH
5.54942709448222	2.04199499463405	0.515508385210128	3.96112857369275	7.45963494910105e-05	0.00232488331212508	Hspb7	AtgH
2.18399099650966	2.50301399484459	0.706306818513926	3.5438055094965	0.000394396071103717	0.00862304624720171	Htra3	AtgH
1.9320234226806	2.29168076760253	0.678969044351098	3.37523600916553	0.00073752412791173	0.0137354232184258	Id1	AtgH
1.26206730695258	2.08568711944167	0.657133327749997	3.17391772927267	0.00150396313466856	0.0244317848208771	Ifng	AtgH
0.405551994987736	2.03352062331954	1.3047739459937	1.558523320889	0.119109244126669	NA	Ift43	AtgH
1.22574406711567	2.1140112929557	0.810600184869225	2.60795806911487	0.00910841110718571	0.0911693958200517	Igf2	AtgH
2.56884641390857	2.05230525613041	0.563230017234681	3.64381370546747	0.000268627885962241	0.00638140466874745	Igfbp5	AtgH
0.548411787035413	2.14140211516951	0.935649650527496	2.28867943675525	0.0220979846485301	0.159908955886839	Islr	AtgH
1.63832074300085	2.70824116021128	0.743370126584945	3.64319342862617	0.00026927632688297	0.00638262513166063	Itga7	AtgH
1.33442841427069	2.25702803492035	0.747153823474474	3.02083448415554	0.00252079114829329	0.0358341188500735	Itgb1bp2	AtgH
2.5904484924817	2.11253648908408	0.691126256188995	3.05665783952851	0.00223819606074469	0.0332309942907788	Jph2	AtgH
190.672183817237	2.22974332697629	0.123328852775547	18.0796567615392	4.60942226742843e-73	4.92747240388099e-69	Jun	AtgH
0.845898617069423	2.18642833196502	0.890208813341227	2.45608479628356	0.0140460009732511	0.121180702723696	Kcnj11	AtgH
5.21385494184538	2.20851409532142	0.471471241341997	4.68430288353347	2.80914356038353e-06	0.0001509032395	Kcnk3	AtgH
0.694857063323375	-2.15484947046592	0.892948090253194	-2.41318559722203	0.0158137646828671	0.129678791973434	Kcnq5	AtgH
0.546133219543198	2.30921719431767	0.935576492181739	2.46822917593048	0.0135783356098842	0.118566049483612	Khdrbs3	AtgH
0.593149910933818	-2.12253068929928	0.97683721094883	-2.17286019155393	0.02979084139974	0.191873456430901	Kif20b	AtgH
0.553851994627368	2.08479325801712	0.978060577262555	2.13155841926698	0.0330431650938146	0.204653206751378	Klf15	AtgH
7.98924747239649	2.98247872104981	0.407155118407694	7.32516573219983	2.38603652834099e-13	7.28763728227578e-11	Klf4	AtgH
54.9382441608123	2.01900599525416	0.219223680446963	9.2097988280177	3.26736703938412e-20	1.83832387636928e-17	Klf6	AtgH
0.65164959766072	2.81394813446972	1.01880710055816	2.76200286877476	0.00574479736649076	0.0650844488225784	Klhl41	AtgH
0.307083212742876	2.01665419272182	1.34120928406347	1.50360888243478	0.13268210270922	NA	Lama2	AtgH
4.93039585717023	2.7266973745669	0.559289927551701	4.87528424926773	1.08651888687332e-06	6.63707822895757e-05	Ldb3	AtgH
6.18272890006611	2.03391231010162	0.435372691119787	4.67165798771245	2.98778157510647e-06	0.000157336872107823	Ldhb	AtgH
0.938212432498213	2.71391442422074	0.822983018216489	3.29765543656313	0.000974956949818316	0.01721295152328	Leprel4	AtgH
4.16454463244875	2.09293504519165	0.48169747972078	4.34491591362453	1.3932902328001e-05	0.000603006987394052	Lmna	AtgH
0.521436749026855	2.53800161193247	1.17652010992601	2.15721056573531	0.0309892615965485	0.196369416992948	Lmod2	AtgH
25.6888442039868	2.66859130697895	0.451823114835061	5.90627442323999	3.49930886843558e-09	3.85645482511097e-07	Lpl	AtgH
0.781874288924607	2.39662356371143	0.949150484868266	2.52501958532325	0.0115691841509394	0.106892462034177	Lrp1	AtgH
1.70607303236987	2.43995645728797	0.8083534531971	3.01842770342325	0.00254090019850937	0.0360241685969034	Lrrc10	AtgH
1.74280649734396	2.01679166760631	0.713302269698389	2.8274011639681	0.00469274990365849	0.0558014421247044	Lrrc2	AtgH
3.59243133182723	2.08257171370628	0.555102145953557	3.75169097955626	0.000175645879618279	0.00448315088628236	Lrtm1	AtgH
0.754786213544614	2.46335687316903	0.825775855340182	2.98308173730054	0.00285361774411968	0.0393615144317928	Ltbp1	AtgH
0.808643792765481	2.26279755981936	0.854732639452323	2.64737469399703	0.00811194165817147	0.0834616519016872	Ltbp3	AtgH
2.81882998801487	2.18353247542531	0.579922188939338	3.76521629465313	0.000166404970930843	0.00432941749232886	Ltbp4	AtgH
2.73932704726587	2.98043668844444	0.568121171216232	5.24612853638939	1.55328554679883e-07	1.1611624122573e-05	Lum	AtgH
2.91164851808941	2.91915084050141	0.556908372040888	5.24170758971297	1.59097353412626e-07	1.17939235300101e-05	Maff	AtgH
0.604723053889811	2.0868555770308	0.891723349383598	2.34025000968444	0.0192708348783078	0.146321691215636	Map1b	AtgH
0.655462568593916	2.31291504893398	0.921273459511417	2.51056298762867	0.0120538815792585	0.110393592573217	Map3k10	AtgH
118.490878520749	2.20406506466908	0.328317833893067	6.71320542820997	1.9039476672393e-11	3.33659025619477e-09	Mb	AtgH
2.32076958786316	2.71823728971037	0.624536957922286	4.35240421760374	1.34652705424194e-05	0.00058752547795291	Me1	AtgH
1.105661750655	2.03356513314353	0.928807970945855	2.18943548801874	0.0285652026555107	0.187285156867421	Meg3	AtgH
0.70043065838002	-2.52744821450727	0.867926746248427	-2.9120524576896	0.00359062329118405	0.0458040131059158	Mex3d	AtgH
2.04882572853978	2.10646215733213	0.614381909224415	3.42858753766251	0.000606730836630323	0.011935237629662	Mfap5	AtgH
21.8118487282243	2.49708015088856	0.404594823486324	6.17180449658662	6.75149532290647e-10	8.91030679035434e-08	Mgp	AtgH
1.24068928557991	2.8431102637832	0.761000509271038	3.73601624328295	0.00018695859677815	0.0047247929067575	Mir22hg	AtgH
0.944383846552957	2.74934213285105	1.73457075477237	1.58502737653492	0.112960114325655	0.409842041633687	Mir5109	AtgH
1.10430319124209	-2.24299036640319	0.780205064570477	-2.87487286132654	0.00404190217431641	0.049525222970663	Mis12	AtgH
0.54298992634207	2.03612275158149	1.21264302579801	1.67907843302984	0.0931367588284227	0.369529597023652	Mlip	AtgH
0.992061374552397	2.30899302582688	0.902601952947698	2.55815203843313	0.0105230073432698	0.0998145062107844	Mmp14	AtgH
0.463688041995245	2.1671220241613	1.16706908706507	1.85689266229401	0.0633264267351932	NA	Mrap	AtgH
0.635272721153206	2.19311525138435	0.854274059083922	2.56722679105595	0.0102515539035648	0.0976730046605238	Msr1	AtgH
0.542247063924406	2.44759315570734	0.960131685716012	2.54922651977896	0.0107962150195346	0.101416114726559	Mtss1l	AtgH
0.648366111405938	2.12431278051095	0.979528188650432	2.16871020673511	0.0301046919995789	0.19309535120386	Mxra8	AtgH
17.8632588766783	2.32475175117206	0.345635789939875	6.7260157044977	1.74371752756085e-11	3.10672339493757e-09	Mybpc3	AtgH
0.985487324638737	2.75502873335982	0.853663144323114	3.22730195356429	0.00124963513154455	0.0209711139030003	Mybphl	AtgH
0.614079035922746	2.79572157268916	1.2910239307104	2.16550716542549	0.0303488672594255	0.19392093707768	Myh14	AtgH
55.1252023538576	3.20901110013853	0.441540560823713	7.26776062011603	3.65495722749036e-13	1.028197177944e-10	Myh6	AtgH
19.2414557515173	3.17561424582093	0.498595492163521	6.36911944799422	1.90116507985282e-10	2.70979396048356e-08	Myh7	AtgH
5.33324293590211	2.16590751471548	0.495357133860273	4.37241611488819	1.2287903645649e-05	0.000547323708216616	Myl1	AtgH
56.9571968296232	2.66997609973195	0.366017274045593	7.29467238040619	2.99386688877213e-13	8.89012140027058e-11	Myl2	AtgH
39.3029945541014	2.54588040276318	0.283731672983888	8.97284528015223	2.88951824567124e-19	1.4709023831536e-16	Myl3	AtgH
25.5503853398311	2.59314432521514	0.417347072094153	6.21340006580933	5.18502129802582e-10	6.98218024273634e-08	Myl4	AtgH
38.0652518617417	3.25073153150695	0.411623101555785	7.89734958805853	2.84896484003958e-15	1.12797904222308e-12	Myl7	AtgH
4.0388986785925	3.3480422564135	0.626910493922321	5.34054269129582	9.26687510215493e-08	7.3379922105212e-06	Myom1	AtgH
2.2340048808105	2.39877413437255	0.767478317826285	3.12552690891197	0.00177486830965992	0.0278201498977487	Myom2	AtgH
2.15392070306075	3.62191863153851	0.935299779035301	3.87246817835697	0.000107738745945205	0.00310438596807073	Myoz2	AtgH
0.456904198535856	2.49238618148848	2.18960852803468	1.13827935431251	0.25500385209392	NA	Mypn	AtgH
1.11949485792621	2.43625088085736	0.80563468324509	3.02401439700207	0.00249444567696781	0.035601634561797	Ndrg4	AtgH
2.56017680712391	2.91793126466625	0.790798356280692	3.68985499462841	0.00022438191405394	0.0054925408523854	Nexn	AtgH
6.44647475114785	2.04660440366057	0.43030392347174	4.75618346016541	1.97287192370121e-06	0.000113927470162503	Nfib	AtgH
68.9311077262239	3.09611029201083	0.459903328161089	6.73208933797141	1.67243894950367e-11	3.03023260511767e-09	Nppa	AtgH
1.63354681696057	2.92793261142317	0.797198730483739	3.67277630967438	0.000239929497116763	0.00577668091031124	Npr2	AtgH
19.5978698810375	2.06807040478869	0.246072520734667	8.40431267422433	4.30374655470144e-17	2.00030655085906e-14	Nr4a1	AtgH
2.55450253108525	2.76060285323303	0.562649391533143	4.90643533037647	9.27465495616391e-07	5.69804951042484e-05	Nr4a2	AtgH
1.48631384460928	3.31920515016273	0.787300315543721	4.21593270653072	2.48747933862997e-05	0.00096695105927107	Nrap	AtgH
0.336848928318869	-2.01840516331461	1.24357315799955	-1.62306909756839	0.104574634727139	NA	Nuggc	AtgH
2.66273178956718	2.26361579168427	0.737203679811922	3.07054326188628	0.00213669729252864	0.0321255893911831	Nupr1	AtgH
2.82672711719814	3.37453392104868	0.628877866930113	5.36596070318323	8.05194725327942e-08	6.52085728314826e-06	Obscn	AtgH
0.870905038886608	2.28259109639584	1.03897159535628	2.19697160788413	0.0280224739985971	0.185440103756667	Ogn	AtgH
9.89163998521067	3.19476808164148	0.4714025394211	6.77715500973918	1.22565367733699e-11	2.2986382124092e-09	Pam	AtgH
0.637812373357861	2.08439636353443	0.899108571946372	2.31829217134719	0.0204334475994109	0.151795382097083	Pard3	AtgH
1.0434660103519	2.49002797126865	0.875143249322197	2.84528044202727	0.00443723376483583	0.0534166992636205	Pcp4l1	AtgH
0.735959008633039	2.59154180236542	0.859310104595164	3.01584001922838	0.0025626843162667	0.0362368985990623	Pcsk6	AtgH
1.49505562276118	3.1440124759637	2.24998346062275	1.3973491498882	0.162308602487367	0.488479437103028	Pdia2	AtgH
0.672561191949178	2.91228285250142	1.25346655826427	2.32338296805795	0.0201585882546086	0.150485550587825	Pdk4	AtgH
0.724842784788258	2.2296641786275	0.874557666125262	2.54947645534462	0.0107884795568026	0.101416114726559	Perp	AtgH
3.25451249838166	2.02115772312445	0.511160598097314	3.95405618243616	7.68373544721601e-05	0.0023739633505994	Pfkm	AtgH
2.92038055079643	2.40176193509823	0.615913720635175	3.89951036099887	9.63874128238775e-05	0.00282296285777329	Pgam2	AtgH
1.37581426813951	2.24034432526355	0.773648085549501	2.89581835347307	0.00378171230351156	0.0473378273121061	Phlda3	AtgH
0.573156734861432	2.4714252191802	1.00017454525598	2.47099391891409	0.0134738109911213	0.118547357609125	Phldb1	AtgH
0.533418238080754	2.26982581272741	0.911210122866376	2.49100153276092	0.0127383570271981	0.11404776936411	Pigr	AtgH
0.598579684436189	2.02059735461122	1.02854718202358	1.96451595991528	0.0494702872809459	0.257615782138226	Pkia	AtgH
1.49371408122251	3.001298498122	0.890456238564907	3.37051768311378	0.000750270905844062	0.0139485147538661	Pkp2	AtgH
5.52509925152611	2.75571389488285	0.935675601661415	2.94515950826303	0.00322788207506808	0.0424989300106073	Pla2g1b	AtgH
15.7549982185111	3.87064582168064	0.566001740709641	6.83857582633527	7.99843252263926e-12	1.58339340124099e-09	Pln	AtgH
1.16051394546583	2.01898665626509	0.801728321757234	2.5182927950454	0.0117925245724531	0.108487166677731	Pls3	AtgH
0.997019234406786	2.25323157817759	0.74589277605777	3.02085185767113	0.00252064652040607	0.0358341188500735	Pmp22	AtgH
2.60691983592508	2.82434946374807	0.712057790038651	3.96646101378199	7.29477012416945e-05	0.00229959646039321	Pnliprp1	AtgH
4.08825265924122	2.51750229952743	0.521669360620526	4.82585808093628	1.39401753111241e-06	8.32516614949255e-05	Popdc2	AtgH
0.923411440278976	2.00107697453374	0.883126497324638	2.26590072950574	0.0234574619508542	0.166618118441616	Ppap2b	AtgH
1.08555323917038	2.27071889179515	0.754507045168583	3.00953968069019	0.00261643898836782	0.0368574905089927	Ppp1r14a	AtgH
47.7382078079463	2.40874684835102	0.194086545466876	12.4106843292861	2.28689751959479e-35	2.71632605382981e-32	Ppp1r15a	AtgH
1.1207781663576	2.03734380719279	0.764428353542719	2.66518608022686	0.00769457331280042	0.0805168670656762	Ppp1r3c	AtgH
0.336351677372583	2.02564803786387	1.14770100963051	1.76496144977341	0.0775702448813646	NA	Prkaa2	AtgH
1.22239391061651	2.36464156287215	0.785729830020095	3.00948426867244	0.00261691630461417	0.0368574905089927	Prob1	AtgH
1.84145194159746	3.20646106370919	2.41557649559446	1.3274102764111	0.1843730021434	0.522292510990076	Prss1	AtgH
5.65202605568649	2.32131345903908	0.883056047249866	2.62872720963571	0.00857050805937145	0.0870900486261225	Prss2	AtgH
1.37790485807168	2.79407528754012	2.82291707465178	0.989782984640023	0.322280203336228	0.671443261287133	Prss3	AtgH
3.2774318771936	2.29335580038208	0.544856557265248	4.20910011965888	2.56389768266621e-05	0.000989460874646272	Ptgds	AtgH
11.8626023306578	2.03447267843222	0.316312103584228	6.43185213394934	1.26058343029232e-10	1.897977023919e-08	Pygm	AtgH
0.446650097929897	2.32206233915065	1.16663688301396	1.99038996020055	0.0465479950053957	NA	Rai2	AtgH
0.89538536074072	2.19837104267273	0.926370444331591	2.37310144783271	0.0176394183347979	0.139265422451248	Rap1gap	AtgH
0.548138999987269	2.45814069146609	1.33667829887092	1.83899199496428	0.0659163634912424	0.303465084290001	Rasl10b	AtgH
1.07677666558794	3.71926375589476	0.920772966162982	4.03928426721037	5.36145549886073e-05	0.00181373288869687	Rbm24	AtgH
2.85000423974895	2.43453199924443	0.623016994776891	3.90764942153185	9.31984044907139e-05	0.00275980870915715	Rcan2	AtgH
0.576881788249615	2.73612226734518	2.9874322566376	0.91587759396584	0.359731099859995	0.698424529150625	Reg3b	AtgH
0.865700727579553	2.17354549570225	0.930140157780464	2.33679352248251	0.019449922812812	0.147318673263279	Retnla	AtgH
22.6179012181384	2.32179504485385	0.211509996620009	10.9772355063912	4.91742332724267e-28	3.50448369121494e-25	Rhob	AtgH
0.522517430332438	2.35805433042176	1.33525937179786	1.765989724713	0.0773975727542567	0.334565326624749	Rpl3l	AtgH
1.62234108920088	2.76276554679061	0.704664550311817	3.92068189831328	8.82987567208823e-05	0.00265891185731333	Ryr2	AtgH
0.954226846489592	2.24262915173319	0.758734701275026	2.95574875903861	0.00311911055487222	0.0414717560094329	Scn1b	AtgH
0.918354127010771	2.43577748774633	0.863605643684379	2.82047425877699	0.00479527205680795	0.0566111410905283	Sdc2	AtgH
1.36978477039815	2.17368517319943	0.739883049130719	2.93787670328881	0.00330468421791629	0.0432399930104347	Serpina10	AtgH
3.73658353094179	2.12569229763908	0.461561762095018	4.60543414166418	4.11606238561322e-06	0.000208534155934622	Serpina3n	AtgH
2.19426856487989	2.05457745905736	0.57909311063133	3.54792246935462	0.000388282498134638	0.00852307988718539	Serpinh1	AtgH
0.864975096161464	2.26997078435161	1.02298552847125	2.21896666294376	0.0264889926162199	0.178541822867208	Sgcg	AtgH
2.14943766387079	2.46336762996229	0.700824362451167	3.51495718748495	0.000439824887327102	0.00930382680282404	Sh3bgr	AtgH
0.651946898283139	2.01946882114973	0.897421522672061	2.25030130226517	0.024429825334127	0.170133441577732	Sirt3	AtgH
0.581888884312104	2.51573954084905	0.876765109935299	2.86934266925232	0.0041132590856178	0.0502241918097888	Slc25a34	AtgH
1.28061356015917	2.27807543361831	0.835106387200335	2.72788649270841	0.00637415373252437	0.0699586277214431	Slc2a4	AtgH
0.304005079857685	2.00473540422433	1.34114757676908	1.49479105726298	0.134968980952262	NA	Slc6a8	AtgH
1.4685306170838	3.17050940305528	0.858470979075248	3.69320510574577	0.000221445273408982	0.00544195396032647	Slc8a1	AtgH
17.5820461344706	2.71515984609339	0.474292686896169	5.72465045552723	1.03646917993067e-08	1.06537072437104e-06	Sln	AtgH
3.09763401169032	3.67181303712325	0.702447218353133	5.22717286251301	1.72121565526566e-07	1.26025995580753e-05	Smpx	AtgH
3.70346654168588	2.33133904194855	0.450694702353088	5.17276779553115	2.30651581054582e-07	1.64377693431566e-05	Smyd1	AtgH
0.797710963269817	2.6684190691075	0.866268348158283	3.08036080826531	0.00206749966923847	0.0313053420172227	Sncg	AtgH
7.3913583667185	2.06406391308351	0.316568344444592	6.52012100800802	7.02506936031824e-11	1.120865544206e-08	Snhg9	AtgH
1.97946922958131	2.00541058598248	0.613446501848719	3.26908798067779	0.00107894747010111	0.0186882152563277	Sparcl1	AtgH
0.931102591492204	2.632220023316	1.0134652992243	2.59724731111235	0.00939742356664317	0.0929310434111151	Spp1	AtgH
6.24713785488031	2.61628010731214	0.533008526493558	4.90851454952055	9.17688222409573e-07	5.67057057662331e-05	Srl	AtgH
0.407852142487308	2.1257313895639	1.33925859820426	1.58724490730481	0.112457187533229	NA	Stxbp6	AtgH
0.721948075101108	2.15913202559954	1.12968525235099	1.91126866629991	0.0559700635651409	0.276565027897136	Svip	AtgH
1.41070104314032	2.59643558474879	0.957118099621356	2.71276406305132	0.00667245953722561	0.0724148146730373	Sycn	AtgH
19.2217632353532	3.04833699041714	0.425376346772006	7.16621178763142	7.71014672142994e-13	1.96241591552586e-10	Tcap	AtgH
0.881816644102183	2.10146233787868	0.854427640310217	2.45949714023261	0.0139131806076951	0.120822015187864	Tcea3	AtgH
2.36907712944444	2.91242468798076	0.668242798120379	4.35833307320749	1.31056826202895e-05	0.000578924575251633	Tead1	AtgH
1.35515350524713	3.95777424408705	1.99778506626824	1.98108110372452	0.0475821790247219	0.253566048740916	Tff2	AtgH
3.37175904961221	2.35104766138321	0.552075442582202	4.25856229066582	2.05745890214452e-05	0.000829971157129243	Thrsp	AtgH
0.510134238827457	2.55951006270294	0.997297468763529	2.56644596308489	0.0102746632964675	NA	Tle6	AtgH
0.827497746996291	2.74177892755398	1.04401887913202	2.62617753601683	0.0086349766345184	0.0874956400218025	Tm4sf1	AtgH
0.491038330974425	2.17222153620924	1.21232925759937	1.79177523151642	0.0731689778927409	NA	Tmed6	AtgH
3.78117334988611	2.14320530019095	0.474692978063793	4.51492943698638	6.33378516656728e-06	0.000300925170802685	Tmem38a	AtgH
3.7587211170144	2.756408797766	0.592147869802765	4.6549332326132	3.24085710355803e-06	0.00016899884115627	Tmod1	AtgH
1.57180013527257	2.41662343115922	0.627671833300915	3.85013840504876	0.000118051096345902	0.00330357649198348	Tnfrsf12a	AtgH
19.0866526613294	2.33646003576412	0.312828986926424	7.46880926451246	8.09237355970338e-14	2.62143858646149e-11	Tnnc1	AtgH
53.6459972505915	2.82021901176022	0.391467630953702	7.20422019284082	5.83769652760628e-13	1.60012758666952e-10	Tnni3	AtgH
0.809730971765254	2.14819337559198	0.892599554518319	2.40667090266612	0.0160986696481739	0.131393861160333	Tnxb	AtgH
62.3152549766808	2.40099950086871	0.340543076315442	7.05050158953953	1.78273977615327e-12	4.23499737935077e-10	Tpm1	AtgH
0.952789900099634	2.09610587840097	0.867536963339011	2.41615742842057	0.0156852780628499	0.128988224790178	Trim54	AtgH
0.578517846043711	2.29065037961243	1.16068607021445	1.97353137803162	0.0484350532460718	0.255815572727523	Trim63	AtgH
0.863667281317414	2.31118825076233	1.04032879329406	2.22159404378713	0.0263107527678946	0.178032287301713	Trim72	AtgH
0.525586877904315	2.63694814949631	2.24474194534608	1.17472217907424	0.240105883080136	0.58641350014317	Try10	AtgH
12.2337615401369	2.1015479121475	0.917067844831759	2.2915948083787	0.0219290353421342	0.159145545015217	Try4	AtgH
0.430631204188958	2.15081207622331	1.27307641121363	1.68946031619023	0.0911312505856326	NA	Tshz2	AtgH
0.760108375014865	2.57518183786345	1.07876215498541	2.3871636819687	0.0169789298937591	0.136148062068406	Tsix	AtgH
2.4235118901154	2.30997274433792	0.543558745335916	4.2497205024461	2.14037418830113e-05	0.000856951313593225	Tspan4	AtgH
17.301718001035	3.05770465859154	0.446435732698321	6.84914856638007	7.42908138104925e-12	1.49843169742295e-09	Ttn	AtgH
0.520573984714104	2.14551543629828	1.30302967712216	1.64655914901095	0.0996486929481065	0.3838179770207	Txlnb	AtgH
1.07134685595893	2.63462278810566	1.06398813764192	2.47617684342297	0.0132797782699855	0.117226118667337	Usp13	AtgH
1.17562292521199	2.69043489895007	0.799784253549671	3.36395082424936	0.000768352325234094	0.0142105300289835	Vegfa	AtgH
1.39578209980028	3.0767196024135	0.991700610861299	3.10246819323964	0.00191914169855562	0.0294464447818913	Vldlr	AtgH
1.39716142691469	2.00745973306701	0.783274391158653	2.56290739966296	0.0103799728801443	0.0986328089677714	Vwa1	AtgH
0.968481719171243	2.08530791666813	0.80549893346126	2.58884007171491	0.00962998075317282	0.0943893499502827	Wwtr1	AtgH
0.88520652429148	2.49073970941586	0.965401322071051	2.58000445252399	0.00987990412859089	0.0952807050752364	Xirp1	AtgH
1.80162552300341	3.60851481214531	0.708562732952795	5.0927245314011	3.52954336635327e-07	2.35817616164478e-05	Xirp2	AtgH
33.3661208742707	3.74035515378017	0.706057868148881	5.29751925799865	1.17386528364887e-07	9.02778408791831e-06	Xist	AtgH
0.718901610987387	2.95359205608917	0.832193431918634	3.54916530557039	0.000386454395073974	0.00851793295534183	Yap1	AtgH
0.622115656714977	-2.06490633214431	0.971666077986629	-2.12511929656221	0.0335766598183265	0.207117422653151	Zfp41	AtgH
0.834393402832849	2.11899384855892	0.890556129989273	2.37940515729698	0.017340604723735	0.137719958764285	Zfp651	AtgH
