Eigvals	49
3.6864409945243417	1.2169516470087294	0.9174974141075464	0.8689945392341193	0.7698815697655687	0.623684625066423	0.4940433705838668	0.470431683083792	0.4224698529642558	0.40549816087125784	0.3361949418437866	0.29202393155657563	0.28723092423958274	0.2604606893538182	0.2464568302095382	0.21435940665456468	0.20260383064247928	0.17991507385331318	0.16978306118535422	0.14543301542982598	0.1391665606244946	0.12321439365659387	0.11297399646399547	0.10227459298426153	0.08903904955693401	0.08318478301508281	0.07634500786509776	0.0657304042152679	0.05999956234289832	0.05244144257638799	0.04773789461768619	0.040788380432973705	0.03523600515398178	0.03032830048615511	0.020921499720161996	0.014477327444736857	0.012334708562412325	0.008554558423556818	0.007120850978293909	0.004675208773199428	0.0010949128833634414	0.0	0.0	0.0	0.0	0.0	0.0	0.0	0.0

Proportion explained	49
0.2763864429179399	0.09123947390436123	0.06878825594882809	0.06515181172593877	0.05772093703700817	0.04675999840517166	0.03704030256979145	0.035270044934004256	0.031674164885398315	0.030401732852755003	0.02520580805205515	0.021894140123148234	0.02153479021216607	0.019527724316592478	0.018477801960108155	0.016071336554486143	0.015189976499284453	0.013488914474284646	0.012729279111869735	0.01090366396130691	0.010433844111776116	0.009237849738981327	0.008470088378272414	0.00766791357783483	0.0066755947604718036	0.006236678226123602	0.005723874379033462	0.004928057343003893	0.0044983944235696465	0.003931733560011434	0.003579090755927365	0.003058059357792025	0.0026417767547650124	0.0022738275490006596	0.0015685640694515846	0.0010854200681232867	0.000924779815832771	0.0006413676434622115	0.0005338771664493518	0.000350518108018724	8.20897655997593e-05	0.0	0.0	0.0	0.0	0.0	0.0	0.0	0.0

Species	0	0

Site	49	49
15549X45	0.08952245085008746	-0.048906250151262716	0.027281839568664208	0.02655579872579493	-0.04449052822397669	-0.0030645154397434733	-0.07755204522670481	-0.06233512928317256	-0.25774202401279706	-0.045415690107221296	0.02625652623865768	-0.18587765587475716	0.01726282043750536	-0.07787644248820873	0.07772616248154139	0.1310260934886795	0.030588442323661296	-0.05713501401920423	0.098020084800816	0.17309461775013152	0.026366028679865768	-0.005508865816136531	0.04570828402553826	0.04922768999085016	0.0021196049011078066	0.054089207661180146	0.03146612750598427	-0.0007354987005855173	0.0018448633598771033	0.011861235484058916	-0.024343203156491446	0.021423137551038213	-0.018073433078588077	0.029711013432290403	0.0007338093649804307	0.016489198060933987	-0.016074511613981848	0.0029543197790216406	-0.008180235710850269	-0.0027606604990463948	0.0003385116963097229	-0.0	0.0	0.0	0.0	0.0	0.0	0.0	0.0
15549X11	-0.14492891007658007	-0.23001111628861445	0.039280745021998915	-0.06319416983328574	0.21183911993598786	-0.03464494369754222	-0.06182474724262675	0.08053716085576165	0.06601787668298528	-0.05451002733140421	0.06611248874980592	0.05046802800654158	0.003916714591336026	0.009974718950476103	0.011810097021063325	0.12373208522233507	0.06811748402175692	-0.05733337541077612	-0.009804473331559675	-0.06987268778485715	-0.01380128890767305	0.07924353130153221	-0.001148194543079876	0.07356780443653392	0.020982974506978662	0.06318262921546433	-0.06296819859180727	0.03840266710716566	0.0030519664014222554	-0.098353668176378	0.01879122663953166	-0.016765784229375965	0.012887819581010809	-0.023281031667101056	0.026343535887097296	0.025105483713101673	0.01332271399705947	0.011804649066151618	-0.0032063458069933174	0.002155838029516329	0.002272720266064578	-0.0	0.0	0.0	0.0	0.0	0.0	0.0	0.0
15549X16	-0.1696737871470375	-0.1371392773753073	-0.017624157714137646	-0.2668131948815046	0.08340561158150002	0.14348809935294002	0.006888823224795591	-0.029791963646825344	0.06436133982846942	0.05713792393710999	-0.10300035302206519	0.033907295373051975	-0.0374087713418818	-0.2475526818694943	-0.06935602571754905	0.028070067303340322	0.1479566561342719	-0.14167456768010794	-0.03347481379395803	0.005980742184958348	0.030529485894315533	0.021940111577393517	-0.05887029328934962	-0.07171611983183894	-0.05297652527760521	-0.06379282081834743	0.04686033712465165	-0.03048857087073286	-0.01196827505609787	-0.0035978434603083976	-0.03951492788747541	0.006118658196433107	0.0018437594427963238	0.0005966454360627259	0.001078928936400257	-0.009276717456102833	-0.0006993794751777053	-0.003124597575352714	-0.001286829690206167	-0.0027892329299863505	-0.00014394893491603939	-0.0	0.0	0.0	0.0	0.0	0.0	0.0	0.0
15549X15	-0.272720264349655	0.02487501095610725	0.2348202377489087	0.03921322356924679	0.02969645617050682	0.0533990742082494	0.03315418969618567	-0.07704800060849777	-0.1387023580456276	0.10261292365293481	-0.08214518932337506	-0.05471822715103727	-0.372856913318638	0.03710085713750783	-0.16053623000313322	0.09295588780012179	-0.07835817672270527	0.08512118895720565	-0.02859352225237596	-0.0130435629575027	-0.04512076211135559	0.003030320692835736	-0.02684725519816853	0.007784904461827256	0.035868762816376035	-0.010276195221435606	0.004552525391461851	-0.013892263197207594	-0.009738073533925574	-0.015581247349873036	0.001545777439554826	0.012278164130413239	-0.0020618714160259496	-0.0011654483371382146	0.0010236380024937104	0.004271579899162359	0.0058916292775394044	-0.0005849341617073217	-0.002102677128326338	0.00023350324248910841	0.0003932685625802757	-0.0	0.0	0.0	0.0	0.0	0.0	0.0	0.0
15549X25	0.3962887394647254	0.14666684118792908	0.10066996283097421	-0.04468636971763892	-0.014559179996936409	-0.0430408988079268	0.02484983569297682	-0.056844724752776236	0.07849220128746222	0.015196574486098938	-0.010278116883390153	0.01024316550642493	0.019955486370736752	0.028229530299053344	0.017782325411716197	0.0240358204495804	0.0168376149516618	-0.00796483817790934	0.004616252529328336	0.017842459661088883	0.007234006612390683	-0.018241122597724754	-0.05033526604778238	-0.000772644769936417	0.021756543452799412	-0.015157859041480799	-0.0070611653272924	0.004581588654680155	0.006191070729041791	0.00325992733487121	-0.012690438851749199	-0.009211488271050648	0.03135704733375528	-0.03212294078498093	0.002615739600836828	0.015338735126024185	-0.03301247672083051	0.011502275858628746	0.0037136938617312373	0.0024492589211417195	-0.00012586052063168955	-0.0	0.0	0.0	0.0	0.0	0.0	0.0	0.0
15549X20	-0.42006899890858906	-0.12912757772094496	-0.013678056690795666	-0.1579486564762936	-0.19349975579206607	0.021890520776617507	-0.1270393082054493	0.07613270701158546	0.10395269077159046	-0.0336738609205376	0.04029104874360331	0.04975108216888267	0.005516870905709447	-0.006439255093450338	-0.04894674916803993	-0.02715423742476267	0.04940029199463256	0.15852749006545092	-0.1546785050677853	0.10652155879824124	0.10533687140791247	-0.01636779481850119	0.079388704058437	0.09937496281352505	-0.019059067324631706	-0.01083761084645983	-0.0013980838539286989	0.0026630588320151454	-0.0010719660100574487	-0.010683624494814683	-0.006948300402784995	0.000561291903755079	0.006572142349836576	0.001735345621491459	-0.006928677031520456	0.010150800035228525	-0.009146703963620688	-0.008767372601098436	-0.004495830107530824	-0.0074888189437277404	0.0004985401199428753	-0.0	0.0	0.0	0.0	0.0	0.0	0.0	0.0
15549X1	-0.008904360050273386	-0.12206745225744757	0.05772693250769644	0.0648280094040917	0.15829457339844796	-0.06237244402262283	0.03317328426722192	0.012153756786789875	-0.03280209083097244	0.019226135785682046	0.2135401621892886	-0.16575603599975597	-0.029705452051194143	0.08252648593534456	0.12321960417291547	0.009716077825054794	0.041399505211762694	-0.04285034596606023	-0.20125035952705897	-0.05120869486178877	0.03073039183161199	-0.11989351602013941	-0.013049475074234993	-0.061923536875755095	0.004970546899646898	-0.01160848705451612	0.014485117293585073	-0.06399483437058935	0.04658116599898324	-0.016221037686194893	-0.014143149722777644	0.010824352088752423	0.015678736396871836	0.014458790176658076	0.007598893407838761	-0.004646104716042541	0.000973067962541736	0.0016411590603966433	-0.00017119072681400483	0.00469779061526775	-0.00016885774929995491	-0.0	0.0	0.0	0.0	0.0	0.0	0.0	0.0
15549X17	-0.3368581164401201	0.0792634596465675	0.2682613141565641	0.06168061947194773	-0.2756053345543579	0.05533927747370983	-0.26522814143238405	-0.12372899234535023	-0.043010429530780124	-0.09284440799402224	0.07845993752508736	0.009830068901700701	0.13098484368309868	-0.040457534679824124	-0.10536032856485503	0.05645811459902857	-0.07528070061679737	-0.0828012310357919	-0.03083556412914163	-0.06407426892181663	0.03389452742106691	-0.012042919026841164	0.04273667955482818	-0.09006236844825012	0.09462928019248987	-0.048266199177450154	-0.033160724454016764	0.035497539783911	-0.018075814307908552	0.013060724165964812	0.01980585475139884	-0.008753325535570016	0.014127651710958825	0.0019131542955001068	-0.0026257402800808284	-0.00033190890414505067	-0.0043564538174579335	-0.0012460745106387197	0.0031190332867277837	0.002290173823799891	-0.0006076084425194813	-0.0	0.0	0.0	0.0	0.0	0.0	0.0	0.0
15549X43	-0.027347049134362325	-0.14930949868685728	-0.1263657294829761	0.22172973820151107	-0.01811249149143921	0.0023726712075594772	0.1712577777102172	-0.07924055219535281	-0.0030703499010087476	-0.05572120406155102	0.1762436864984929	0.0694503374901605	0.0356237232871265	-0.03992025913125769	-0.09914264461044085	0.045735416800544625	0.17305732926299922	0.1125871858232635	0.047628060857289246	0.04246262005053959	-0.17963042677598062	-0.019070584632487952	0.06046528621082568	-0.05560091516229051	0.01623714212972542	-0.050844938056686786	-0.0245191859635599	0.021211881320416286	0.022441332503275423	-0.0038736280310007454	-0.02550658014325748	-0.014578722567098124	-0.008646831968530177	0.004206694848184508	-0.0024184174556014858	0.0018232202117150946	-0.0036605984247683517	8.706134960599507e-05	-0.0034056572667992007	0.0022687498907926528	-0.0007943901164466803	-0.0	0.0	0.0	0.0	0.0	0.0	0.0	0.0
15549X29	0.36094644429046663	0.1217167615152194	0.10449743956163376	-0.017989043929010427	0.005445769191611093	-0.07659199294103934	0.006114459095107306	-0.036460284660885446	0.041761731321862304	-0.01548336063994695	0.03778121673165623	0.015637370250634365	0.03638376252729712	-0.015542376488450025	-0.005211769033688965	-0.009292763411523856	0.027209215252899235	0.008261986235936847	-0.005463613173693945	0.0248420551082695	0.0010209368161647526	0.010930718134504303	-0.018931964598414723	0.029709829799054992	0.024858735483165497	0.019551747529287393	-0.002568500092738621	-0.03547667089635085	-0.010843629723313111	0.06681529113765475	0.022165854346386366	0.005037160731114962	0.026069283850189192	0.02861738879477634	0.003406474780899418	-0.011973015401166145	0.06561360503021142	0.00016544296292954106	-0.035097516313976514	0.0019389638270686709	0.0019856377144049607	-0.0	0.0	0.0	0.0	0.0	0.0	0.0	0.0
15549X24	-0.3754933282298315	-0.06763820505116741	-0.15623158427429298	-0.3751003267407798	-0.22831720451289123	-0.1695107749986027	0.12049030917450258	-0.1916515592442956	-0.008336364184049256	-0.03600325959515659	-0.02668061170686858	-0.005815875452588879	-0.038548330607350294	0.051815928124283275	0.07238181999220748	-0.06377381503001668	-0.06689919450209447	0.02412238799966925	0.015293539727633589	-0.016120737780596646	-0.05441438042007562	-0.0005859773223305923	0.02457863958245024	0.013605528675868816	-0.04500301309199254	-0.027075590338994496	-0.014406571753575537	-0.013861190747984291	-0.029967789569657545	-0.006376931401739385	-0.015555643436141235	-0.023472920492948385	0.059624197016253336	0.03808323901757743	0.012428424172561634	-0.006886647791106921	-0.010250168924638061	0.015467550979304788	0.00403378687189102	0.006987880248631128	0.0018206083736711485	-0.0	0.0	0.0	0.0	0.0	0.0	0.0	0.0
15549X12	-0.23393881544644204	-0.061537140458603985	0.2631308297092488	0.07697031772971351	0.17229467831715464	-0.015450002629034636	0.15895153290555425	0.05789375863160784	-0.12651313913882478	-0.005785453921311348	-0.12694474698795688	0.0629194932417985	0.09841236532707923	0.04535529269743248	-0.04069292554877591	-0.15255961548273253	0.06642740552080324	0.012187063625114134	-0.033702301219525485	0.005207024826496885	0.03607495923637616	0.009333974525286443	0.029197705537398127	0.011971611387539428	0.10137875173735997	0.04264129431749077	0.022469127818263646	-0.037441002596764014	-0.06882604330173893	0.004276525647964413	-0.05655276911033643	-0.06115704359274287	-0.024758754088944915	0.01150561678255524	0.009158987831654622	-0.009262705478996693	-0.00323394615770224	0.0007325834168806455	0.0022609172571662613	-0.0007105943214939877	-0.00012560970534072801	-0.0	0.0	0.0	0.0	0.0	0.0	0.0	0.0
15549X34	0.1354585338039023	-0.04382616482629251	0.08992505533518828	0.049041236881717964	-0.06606924185993698	0.07373931200436272	-0.11742973572175612	0.14237698380393976	-0.0018049417911002747	-0.05492887688332921	0.07282664678057818	-0.0448355904352842	0.004397341533662893	0.006834541891268957	-0.08909962947287882	-0.13806423385048697	-0.012196988530163152	0.03700121850143253	0.029314924900632925	0.006240813596498445	0.009549941194498021	0.03899680432461853	-0.07717657795735947	0.017476424249690693	-0.04971721281755323	-0.0224258960679932	-0.0005149205021653643	-0.040551589179924595	0.07670764810412276	-0.028883880840842816	0.010294948216743809	-0.0077109088516166165	-0.05724697579706799	0.03400351557349714	-0.031230902014397356	-0.007430702631739027	-0.010377891858637668	0.010252711268312335	0.009115697640061593	0.0027707058561347595	0.0044001266572352765	-0.0	0.0	0.0	0.0	0.0	0.0	0.0	0.0
15549X39	0.40110865038372123	0.14533349459429315	0.09874160614099659	-0.04021736699222631	-0.011773506015145005	-0.04027230322535242	0.0173886660516359	-0.0480517996624103	0.07178917451976784	0.019978418005771853	-0.02729832282572294	0.004863888894420841	0.004320950892697854	0.015035476347008641	0.01835855475598237	0.02587715775159144	-0.0078191656072227	-0.02389994519312258	-0.010732202495657005	-0.01911553245018093	-0.015362281321130286	-0.02229934637123061	0.010291517805948907	0.035847057083189846	-0.0031461642867711575	-0.027578684178318217	0.00998527080329786	0.00861348297329777	0.00853404770879896	0.0035171054648993837	-0.036528842203899306	-0.019542761529094583	-0.006978295757042232	-0.020642360923007412	0.0014825309605128007	0.011531695665152292	-0.008917065735938924	-0.008032195657117018	-0.008846692349310695	0.0009209449578748886	0.023644974513708256	-0.0	0.0	0.0	0.0	0.0	0.0	0.0	0.0
15549X40	-0.06341384471128213	-0.13883656131238234	-0.2183643350980605	0.3264885936356074	-0.07499418107311662	0.012745030475422501	0.1608162993378491	-0.1506495545255506	-0.0208420833301619	0.002993435259996592	-0.0970978022833472	0.10658400833751386	-0.014821315576764575	-0.16088074103890154	0.009801961781753701	-0.015464950308491762	-0.011603027998384387	-0.0275311821785761	-0.059597587530212576	-0.045078586550495015	0.09814878192765863	-0.04929325375383131	0.011517160343657837	0.0903396359424521	0.03126388838045293	-0.011349849413350788	0.017637804458286888	0.01461303848587262	0.025642436981400587	0.005051520155325766	0.05199043448304482	0.044044141371356996	-0.014116683146733748	-0.003216348751835908	0.008937155903343352	0.004041671454580791	0.0010019825046954766	0.013828771033970743	-0.0001326271508545846	0.011953120754261172	0.0011091277079018833	-0.0	0.0	0.0	0.0	0.0	0.0	0.0	0.0
15549X33	0.39544160907209736	0.14221044352138829	0.09697265191372738	-0.04510439946520184	-0.011215675995110521	-0.04410521177744962	0.02165966168159926	-0.04502639742778174	0.06937953489304334	0.01777190084159253	-0.020669468251355228	0.008628741773684905	-0.00046538537027241355	0.017642409330766145	0.012446067765431886	0.031200068033805026	-0.005458990226553819	-0.023703538381230047	-0.014124831861053004	-0.019180275860960615	-0.009012392757834524	-0.028335056629135408	0.004556124731535456	0.03851834847345478	-0.008938284972501383	-0.028136174662772094	0.008174911652495674	0.017964564411869173	0.005803123464012965	0.010394476252462372	-0.03587804418018458	-0.016084806623628885	-0.005125098211002955	-0.024931426720709925	-0.009264760476879028	0.008815079809918688	-0.021380359221459082	-0.01567405059643549	-0.02832917028037269	-0.010633314500889444	-0.00839120608577186	-0.0	0.0	0.0	0.0	0.0	0.0	0.0	0.0
15549X8	-0.2689501687876667	0.02576602225770592	0.2312653777857129	0.14709321806335576	0.036060539127630485	0.12763160869462348	-0.11535903530783007	-0.00676163033319486	0.13075435180268002	-0.018984710969481275	0.18162946116210738	0.23776200344960927	-0.17499725972596067	-0.05666083119770717	0.1783038548337071	-0.07640596788522379	-0.04626320872000637	-0.039017732924462506	0.0649105905002861	0.08681572302950222	-0.02063276716619675	-0.026535304209061517	-0.03029081732807901	-0.006891935359521924	-0.029200666182530973	0.026687272297399756	0.0006684856185597405	0.00658780775837458	-0.022744694621854453	0.01587640470221739	-0.009916155458759639	-0.008866390922814842	0.010400448156800635	0.003855032253395505	-0.0007554818896675739	-0.0062774822334527025	0.002409808720035389	0.002320336205775792	0.000601004460343708	-0.0005685743886025163	-0.0006367061775200189	-0.0	0.0	0.0	0.0	0.0	0.0	0.0	0.0
15549X46	0.301064720714138	0.07709070806543852	0.01141218506196283	0.022259116706194203	0.02353689215693796	-0.05077640842285771	-0.007099892867978596	0.0655045597212534	-0.04704583387321187	-0.028940819279696606	0.02899914790325273	-0.005095876516493374	0.02200541286391374	-0.07425441050983321	-0.04555140840223826	-0.13073096179008248	-0.03700212660768644	0.06671112284174348	-0.011486012723038253	-0.03954684369428677	-0.03370653489590884	0.015169322131140693	0.049112597270352644	-0.05382480640741247	8.806768936295056e-05	0.05808777379313383	0.10871678458963534	0.04436400542732988	-0.003760424367132878	-0.03959708669447028	-0.020552089682602293	0.08538799477749681	0.06145996033132266	-0.029325893463562232	-0.02241508078331562	0.0021876857241793024	0.0022044300805958324	0.00452075289957926	-0.003246923062130037	0.0021668959258746854	-0.00036523959093028697	-0.0	0.0	0.0	0.0	0.0	0.0	0.0	0.0
15549X23	-0.3800574380921249	-0.017772266509084225	0.0073320043837674445	-0.11996697423532927	-0.16040914359935252	-0.3071106639020931	-0.01315790617093553	-0.09433200984625223	-0.10035563161745704	-0.19068027641903582	0.06031024803386416	0.06885842429285602	-0.04322183185344001	0.1223360339537623	-0.04063989430850246	-0.028821951260328937	0.08167977356046097	-0.10037171345282721	0.05003400490949984	-0.05868712913349429	0.011000805724881301	0.021546169725300456	-0.04926423805836251	0.027955127808217337	-0.0234026787451885	0.042717016696513274	0.04629573638526278	0.010339581565072408	0.026408782952307756	0.0040201109271747896	-0.0253214111087949	0.03704526050854819	-0.05043130693822836	-0.031637645574841666	-0.0006656474949361519	-0.01666329205129179	0.009784031906367938	-0.006001216723615784	0.0016952170120262784	-0.003186732622585029	-0.0015625928608277492	-0.0	0.0	0.0	0.0	0.0	0.0	0.0	0.0
15549X13	-0.2683371156389752	-0.049875067565013566	0.2130782631707	0.06409735855684842	0.30622515769270187	-0.1628190087960297	0.009833490663889572	0.02594096749658807	-0.14132436160513076	-0.020621374275379648	-0.08763558272491374	0.14082310674143775	0.17718861770206618	0.034417802082865	0.013569915815750138	0.08634408528151347	-0.1192433916009804	0.023512288180003088	-0.06009738513112342	0.08573875198913831	-0.05244225399973023	0.04488391189188419	-0.02824659558506714	-0.010902690309553181	-0.09029989540069339	-0.06238984292441121	0.0008619855827174516	-0.02322664189577179	-0.0011814897722202255	0.005870932933454365	0.025878890872631042	0.04154706341634233	0.014604094610368977	-0.006012624675160462	-0.0003107577345063619	0.0019807020235099865	-0.00977155642620831	0.0008434009467066878	0.004398678137545367	0.0018843628029719117	0.0005425887532865799	-0.0	0.0	0.0	0.0	0.0	0.0	0.0	0.0
15549X7	-0.11012456452803923	-0.15875559908471412	0.05317550198069089	0.17188611493109263	0.13651774942488715	-0.06361603572591384	0.0008691174898540094	0.07320036840576569	0.1209978475695346	0.011742106621097077	0.05075964490697194	-0.13331098625174542	-0.03925621019924953	0.09552498706511453	0.027588774746952663	0.013449439165341852	0.07538870925103067	0.00821607347549197	0.08136058404694001	-0.07704426642712066	0.06506020190492182	0.10016048043349042	0.011115471491049397	0.05440587940465098	-0.003247673900909537	-0.1269581133581167	0.04051027929018926	0.05472793139660087	-0.05089771020584787	0.06105201110916387	0.014607968591465398	0.022542726731841423	0.021862217316218274	0.029777070835437108	-0.009341084067537118	-0.007509758997299238	-0.0064754835400566355	-0.002264339538003654	0.005775364439736689	-0.004023692235543685	-0.0004039824247410793	-0.0	0.0	0.0	0.0	0.0	0.0	0.0	0.0
15549X10	-0.3075828347708844	0.32953866405059856	-0.2484023150147118	0.15380848972490713	0.2167082471931025	0.09462376603964064	-0.105163551980348	-0.09372705526143307	0.08320780182270174	-0.06126375245012885	-0.04989474535427148	0.009826439180425557	-0.025135779833018384	0.06681253610649678	0.07979206053666593	0.019401062174519066	0.02291034315123879	0.014314694568828449	0.02475742740193716	-0.003364043527079877	0.005831172403673565	-0.04372094599878106	0.024267881024117924	0.016646318432080472	0.04085154730843803	0.029597504558463536	0.04910750726520227	-0.008035958081718676	-0.012470095988606496	0.0029935927935680127	-0.012548825157596713	0.0024837864376210297	0.0001418711397484354	-0.01110367305848859	0.006405866793472288	-0.01630627567520421	-0.01955538393870102	-0.005470038628011988	0.01447006840401177	-0.003279239009992905	-0.00027485259359805766	-0.0	0.0	0.0	0.0	0.0	0.0	0.0	0.0
15549X37	0.13612737168990208	-0.15495715462273446	-0.21033927590420592	0.1760216738884575	-0.055992513658827354	0.09988257969409217	0.13011829758191068	-0.08513731598627908	-0.08956680377755183	0.002580711485662722	0.04841445972579463	0.00034048093903009115	0.018298761148478167	0.05069970859730532	0.009030977778512847	0.0014915620515636018	-0.07011366230733429	-0.0617073102512565	-0.08007890845778452	-0.010085053494942537	0.023749003620007036	0.011520981001494245	-0.08474118501411364	-0.025144557167762788	-0.05614441540565446	0.04906697145681678	-0.04404470401448812	0.06712906377997103	-0.08786921977105641	-0.028006035260587404	-0.012265631296170913	-0.0224773857400146	-0.0038492995733813177	0.03112882581756256	-0.048297928624685425	0.0009707778365414526	-0.0032514461827032885	-0.01955476979284363	-0.004579687294218479	-0.007575337284151584	0.0007573546747355387	-0.0	0.0	0.0	0.0	0.0	0.0	0.0	0.0
15549X9	-0.3431657318830997	0.5053189864106906	-0.24388381269951928	-0.017106047504640363	0.1826543281942244	0.15133661719417135	-0.06149625603961182	-0.08332077415907843	0.0026699033308314585	0.02267324632953821	0.011067278200032237	-0.049003076678292186	0.06408066582303153	0.045123887296482146	-0.06889796032291011	-0.062137775706650876	-0.0302907423933082	-0.028197901075148253	0.01852953274759122	0.029687027331787175	0.007231326418730095	0.024841338447805405	-0.0059921176887571025	0.03200352106035819	0.00858402607188834	-0.05967947156045146	-0.05572407805622822	0.0008270134867309169	0.012780967720443476	-0.06588852580286034	-0.05573289302207534	0.0349702221801339	-0.0007897522927133934	0.024503671969141067	0.00023864508967277428	0.0038423098053709756	0.024230062201712945	0.0033141065921797755	-0.008235648741730002	0.00038881408976578706	-0.0004735981853045166	-0.0	0.0	0.0	0.0	0.0	0.0	0.0	0.0
15549X2	-0.1438052400472773	-0.18225699492660488	0.034780203332317725	-0.2165395531759081	0.15232718489143204	0.04663879477320015	0.07736369763374314	-0.1557146527169498	0.11333909629321305	-0.02733777140151268	0.06706570563255339	-0.07575713664453389	0.06093689943823761	-0.15737074952742086	0.10947487255096464	0.03028540249568746	-0.14043253374161385	0.11248926171128	0.03291515346005719	-0.08231774094974632	-0.013155033826577723	0.09772894096183915	0.0058206565201726354	-0.002364947650775689	0.07111466564740189	0.04429987026897006	-0.010223190015579182	-0.03976273667352789	0.03114486408631473	0.013093838578307732	-0.011604918598026575	0.009388148549307562	-0.03758404031352478	0.003702705545229252	-0.024289650558101807	-0.008431629676781164	-0.005401774416228639	-0.01130617893810742	0.00012467386044706153	-0.006126143956003	-0.0010053268461722683	-0.0	0.0	0.0	0.0	0.0	0.0	0.0	0.0
15549X41	0.3614976892658145	0.10927132393601341	0.05810087118913792	-0.008140146311552928	-0.051787753234905025	-0.03620803403933469	0.05851024835131437	-0.08147721747803897	0.01905903882764912	0.0072873558925963654	-0.008302836113516437	0.02183848873330899	0.01824642364993796	-0.013818956562105435	-0.027460696065482768	0.032399887728344116	0.04154891408319225	0.03466205858918955	-0.013489959948812231	0.014561511739859737	0.01407519732282106	-0.02037296046916403	-0.020847379163775874	0.00161168291828869	-0.003815587143582255	0.019166590058756414	-0.010044324605861995	-0.001915052926066353	0.01130534708945161	0.011792745354583538	0.009008459357795616	0.00927725114090681	0.014752153871351774	-9.227462920915867e-05	-0.006887498445380877	0.018258452100193397	0.029567349986192575	-0.016944158260623662	0.04964154263431153	-0.03327168145533084	0.0035812351648955134	-0.0	0.0	0.0	0.0	0.0	0.0	0.0	0.0
15549X26	0.3830623627255848	0.11783935042400275	0.06798767033199052	-0.009162520231812347	-0.031877927401736256	-0.0035277537428328085	0.04800901549604742	-0.056538700285945376	0.04438287816567329	0.036631255633382265	-0.007941191538000502	0.03122277164226783	0.002068007061830088	0.02170706841233118	-0.020964196228143845	0.02680098926867764	0.022823978137773194	-0.004747146419411659	-0.01732089362909386	0.01639645506837279	0.008001717596176704	0.02338476286414896	-0.0026937375101241004	0.005017664428931853	0.010009810440390308	0.020012534293597437	-0.024951576486545987	0.01605751803514052	-0.003963502398001215	0.00794276652285237	0.015459553375243329	0.004665984205081343	-0.02339902758194031	0.010769762615957003	-0.04007424881643238	-0.02269722013580763	-0.013376630939030748	0.03458822037888502	0.003880485632338577	0.01937998580634992	0.005711967296749201	-0.0	0.0	0.0	0.0	0.0	0.0	0.0	0.0
15549X47	0.21338465989337838	-0.06446836372051064	-0.13028787257266727	-0.05408057214143629	-0.01551802136467371	0.006907443012834223	-0.07789669345949804	0.11585449408855471	-0.11216550278601996	-0.017180197350588972	-0.01961268558315776	0.02140607471260258	-0.021151792685746858	-0.009958267418360409	-0.013562853444574391	0.019985205384933927	0.07767840381493335	-0.021371086630086415	0.044709381326755664	0.01834561248836165	-0.012027024133994145	-0.004778396569084046	-0.03201980515557332	0.05646960629899969	0.061529059415042074	0.00822353473499299	-0.0794917042923844	-0.0843142855237825	-0.012552262944311436	-0.00474295624650312	0.03160466287408759	0.009831596553740298	0.07573556476555686	-0.02224788765207287	-0.04450294937715891	-0.03738932932938819	-0.009945980491900874	-0.014321931182798427	0.004662325542124189	0.0035749655523457605	-0.002313579544900342	-0.0	0.0	0.0	0.0	0.0	0.0	0.0	0.0
15549X19	-0.34151861468558575	-0.03055584968184424	0.06989666590715102	0.15207851430142255	-0.1511594574392997	-0.0503636428732893	-0.11985835094311642	-0.059924868209572796	0.02314493525106461	0.07193098514756412	-0.27548153323378005	-0.10235424316217218	0.0008666819567563088	0.01918989604215415	0.20228695671724597	-0.0816395915321605	0.10899966614795291	0.02469690225949443	-0.052787142674806824	0.0324868385407354	-0.08498093281433979	0.050139492451077544	-0.036716176405726476	-0.04964623110037755	0.016758826505026046	-0.001780604672071377	-0.031844996145266515	0.046102940559996544	0.059063720167378014	-0.008953823399310872	0.020170415552336663	-0.008654145969700088	-0.0017226099568755635	-0.011683284479787835	-0.01846891610883344	0.008249707682058295	0.014281642107264271	-0.003927617077941566	-0.005117164148894348	4.690033885042572e-05	-0.0010989287026702008	-0.0	0.0	0.0	0.0	0.0	0.0	0.0	0.0
15549X32	0.0315574577968977	-0.13285059602217397	-0.08049616774598983	0.20848781802924035	-0.10610842305445138	0.17252214937436214	0.04908550903331703	-0.003101331736676136	0.024191531060523797	0.03885807635547844	-0.04248672376339367	0.023201392855918036	-0.030961722529988682	0.11923466337381382	-0.030677939860943665	0.024016510910240735	-0.04999520061432319	-0.09127331632657656	0.015744037812489783	-0.007100462022469529	0.048316958128494895	0.12822870624363217	0.15116186941554996	-0.05202158417228573	-0.06419504324734683	0.03678991326959563	0.008057202109753482	-0.07205111025594685	0.06327463558720832	0.016715050905609905	-0.02567923301741182	-0.026595596573938896	0.031242064913903876	-0.02566583295673148	-0.0006884001504154445	-0.003192088003011639	0.004157152734525613	0.001752623749883452	-0.0020687700890790134	-0.0037979404182310592	0.0015476085054707605	-0.0	0.0	0.0	0.0	0.0	0.0	0.0	0.0
15549X36	0.2337979193186664	-0.07885809154414632	-0.1478913037657761	-0.05072415161843387	-0.009432920078737118	-0.04412018316809582	-0.10798839039174778	0.09577432322430898	0.03395963536232165	-0.020314348514791056	-0.07256425354787288	0.08927039641371597	-0.03652823708618965	0.04653266904410145	0.015561285305538321	0.028149146972210513	-0.028261251978236118	0.015068097831581783	0.00023535622328860783	-0.03695401437651832	-0.028757923232034553	-0.027828144516124725	0.05624181999824435	-0.030178418673073783	-0.009691065444028662	-0.017773825472982036	0.0037934554518234704	-0.023954482898664194	-0.028717077827951056	-0.001087529446620407	0.006326681756236792	0.02410567895851702	-0.04985179375039303	0.010661950071921505	-0.009009425704302201	0.01699556640958909	0.0035750874886760265	-0.04839450464659305	-0.008947898984942693	0.020898023761871633	0.00026186467384050553	-0.0	0.0	0.0	0.0	0.0	0.0	0.0	0.0
15549X30	0.3706018694916351	0.11079026038111288	0.07200867441276237	-0.030255316982434603	-0.018242256861686765	-0.0309869373831534	0.027518880457159	-0.04477766065385538	0.06096429636569599	0.02470703157043187	-0.007619964879838051	0.02714651267052661	0.003777235769360921	0.013575744444363054	-0.013578221300521784	0.037939373475837965	-0.011731889713042273	-0.017491208078551576	-0.04869748087887747	0.0006214931917873996	-0.0032295907536680937	0.013931883332902063	0.04918650291855337	0.02538487178079037	-0.047820399925585205	0.0036548376127455567	0.0053969339763908	-0.0020418232019094253	-0.002811871002940823	0.004154754297353485	-0.0044964693119502455	-0.014968752681525886	-0.02106444248521924	0.029067343554058545	-0.008493240893055816	0.015941300384909842	0.019710051788125568	0.020108712567532296	0.008558707480331752	0.0004801456164308281	-0.014174775844887948	-0.0	0.0	0.0	0.0	0.0	0.0	0.0	0.0
15549X3	-0.15254909025537342	-0.11930195085248547	0.05569254118757339	0.1996753173847138	-0.08761061283547779	0.1176945035722194	-0.14239762735639316	-0.02987563864038907	0.06518771737165313	-0.031997361887894586	-0.09024278063808513	-0.0857840742214999	0.12615870697082723	-0.02393560549554491	-0.05766233018217644	0.08567110374157294	-0.015757884993377394	0.10018957529723371	0.06761435059128194	-0.0975731027465521	-0.03975419146627956	-0.10177916049679367	-0.07166797717012086	0.051040208434087006	-0.10161221152514933	0.04892966697917151	0.04510715398221352	-0.02979325063193023	-0.019968098790416864	-0.005836844126968917	-0.02489098335740968	-0.03540513450467901	0.019631291964302522	-0.001671067150009949	0.019221749989942343	-0.018200060534857388	0.010501022348442877	0.0031064930895216385	-0.00132369285939647	0.005435767903974024	-0.0005082384703775143	-0.0	0.0	0.0	0.0	0.0	0.0	0.0	0.0
15549X5	0.0488569781221601	-0.09940875635234364	0.008181446001193922	-0.1867818061158692	0.14205926240684658	0.08121154857677927	-0.025003712083390847	0.0881754500718434	-0.035424798209819905	0.026963264472764332	-0.030201856367695557	-0.05866861501905539	-0.02314097848537301	0.0077207009520652995	-0.008099192167823809	0.0159373757312226	0.0020354146604145713	0.055634524018357334	-0.010592370938307338	0.017225858912387156	0.05719379402582794	-0.04685971270829826	0.0445800935415772	-0.043461602112225065	-0.046428283351803205	0.038248144835622735	-0.08547874931048699	0.11206578638048649	0.0011375364605634563	0.060582589868725986	-0.04595280636459632	0.01720432163334404	-0.016815819755072906	-0.04110519085028164	0.006027004315097273	-0.036100570091199616	0.013287926275506868	0.00817569211675515	0.008126870917077061	0.009576472565978282	-0.00024678947378623683	-0.0	0.0	0.0	0.0	0.0	0.0	0.0	0.0
15549X44	0.19653606756634434	-0.10261175725495593	-0.14776085447325749	0.12358315775432518	-0.03982542728992139	-0.01677716328173522	0.027992229257813275	-0.012724457038281069	-0.09055642625184834	-0.06532914445269815	0.03632087721359607	0.00475927596853887	-0.009621214305249681	-0.012358383071285266	-0.013176370490236344	-0.08745163866496664	-0.06373643973376829	0.06627197775518694	0.0328201706725951	0.008236454366028849	0.07575909878397533	0.02755215851368464	-0.10911405189097614	-0.01950198794112221	0.00836208213373084	-0.04223794387023704	-0.07698573561344002	-0.021370635042811517	0.027494981708882912	0.04645558628999782	-0.03478787449300142	0.003397783811108361	0.005546653477487342	-0.04553856038138582	0.04807512281667575	0.02076103795505458	-0.006946642614356928	8.468910040995912e-05	-0.010276315058052335	-0.004796784561805782	-0.002922844685783056	-0.0	0.0	0.0	0.0	0.0	0.0	0.0	0.0
15549X42	0.09037244005667339	-0.2083861503998354	-0.18449591373127758	-0.13827534514322687	-0.0015898617951280788	0.06509587656069349	0.02660736745775605	-0.025018739491200773	0.0598062889346631	-0.010234983022656935	0.015772603630762834	-0.0003305463321719068	0.031226460647256222	0.12289491299409719	-0.007349793271892751	0.061666937833704936	-0.052999587958085244	0.043625139188963435	0.04586641710394114	0.13655420286282255	0.07004200715756842	0.0006350175334749088	-0.07068275351776107	-0.07326292359461352	0.07039465904193781	-0.03560330231527132	0.11186137687977026	0.021076899043742003	-0.0030667140108719603	-0.042506987317916085	0.03942926310461916	-0.04292167896153021	-0.0033322223997224484	-0.030577183510155054	-0.001573364844730855	-0.003960111668830797	0.024251838340441426	0.0051186725520521136	-0.000732922930940407	0.006625399354567238	0.00026851158700529103	-0.0	0.0	0.0	0.0	0.0	0.0	0.0	0.0
15549X4	-0.22047697173126943	-0.14938430189237717	0.15981291970105135	-0.15649538838065458	0.1584494735127689	0.0829188830130533	0.1200801075282633	-0.04519135498256088	-0.027607800662103246	0.07808221700390822	-0.04738883106074257	0.032574373871756955	0.036985106314005825	0.06757565208347409	-0.03094153976455056	-0.08035944046614049	0.003431659288922942	-0.03479546987481605	0.16822637403426388	-0.03330139802402533	0.05820966475236023	-0.15585565792878484	0.0495857812894274	-0.011681909528592974	-0.016226107121084018	-0.002757087568510307	-0.029480149446658874	0.02239710508023788	0.06432504788504655	-0.013436406078639157	0.055717695757026266	0.0028499105631592425	0.013454447953332413	0.01994679526099738	-0.01899724691095462	0.019839658531100684	-0.0018825073442182644	-0.007050136945422885	-0.008744803113766669	-0.006253317533396567	-0.00043377011271481745	-0.0	0.0	0.0	0.0	0.0	0.0	0.0	0.0
15549X38	0.3953960551349354	0.1299878267639488	0.08163271964124562	-0.03526300257069927	-0.014342209394040602	-0.044311391386812775	0.022148487110625763	-0.039246600239696124	0.0496593308826128	0.017902155242520583	-0.019632254246154508	-0.0022978856976707436	-0.004370606886842975	0.007391589004670262	0.012343905321388491	0.018076591278458655	-0.006468519012257644	-0.007840268235005138	0.0039082814077678356	-0.008050204870406303	0.008787783697006753	-0.012821477096490123	0.0013455602464966735	0.038629475862097556	0.001612207957577725	-0.029238716406473183	0.0027884524005394916	-0.012789571809574986	0.016341034866566826	-0.024956362078915304	-0.006068528094927884	-0.029911205938588925	-0.017582637336422728	-0.02699650753012468	-0.011095264614189214	-0.0014202698450916861	-0.005847493913344153	-0.003184625883054652	0.012952366244858246	0.014695522455351415	-0.012019013052263786	-0.0	0.0	0.0	0.0	0.0	0.0	0.0	0.0
15549X31	0.2107528135665387	-0.07933092572855666	-0.170777920467528	-0.02731490826626689	-0.012398533105303483	-0.04319909792347329	-0.11728902681861285	0.10208738998606255	0.013246764554350456	0.0036271452203009654	-0.08360353169637695	0.06627194290290446	-0.02217685472620503	0.04026200917649945	0.023723017039047545	0.0372164737074186	-0.016961680550188686	0.01908852449110594	-0.008085676410744895	-0.047548993282242644	-0.03188132863465712	-0.04722942138719798	0.022169039869938283	-0.04738971315852699	0.020120353420652194	-0.013481150835955349	-0.007042918410794148	-0.022475284339098917	-0.03282451278576928	-0.013261550403908908	0.02126768657005201	0.018920384354730913	-0.03864891499247082	0.005385578975029057	-0.0028709934762218055	-0.016697041693136315	-0.012527179138426	0.036559206836169394	-0.02243957749556847	-0.03862194035554383	-0.0003244082323141744	-0.0	0.0	0.0	0.0	0.0	0.0	0.0	0.0
15549X18	-0.04277868179721809	-0.15972220082869204	0.021253320544044125	-0.12475359802609201	-0.0655581312668212	0.2854209888663485	0.03383431061157179	-0.015472842234345148	0.08815621160156774	0.09784663800669999	0.05219348045974628	-0.09778824721116311	0.0696202606267463	0.09235343564055318	-0.06855909715245222	-0.10453101427601669	-0.01736894489897347	-0.10402611532462978	-0.052915199533197864	0.041842272642072194	-0.15089030352004243	0.00478123758362701	-0.020979094514124837	0.07007705454316639	0.01621482087285306	0.030949533668475894	0.013608561562401858	-0.006721747052417605	-0.03851870943055857	0.046133689605179766	0.04577738451607661	0.04767699214254374	-0.017652026743733285	-0.03158147009743474	0.024928374604429586	0.012706561060266951	-0.010001962308926644	-3.584198187364286e-05	0.0025299159072477173	-0.0008282111559863597	-0.0014302232904691587	-0.0	0.0	0.0	0.0	0.0	0.0	0.0	0.0
15549X48	0.21850024167664772	-0.020005045057215006	-0.11256498423581748	-0.06105815467227932	0.07377196160802534	0.02372381077435507	-0.08019374391813323	0.1686001552831931	-0.15874186677266783	-0.03487088349352142	0.0003969881107628043	0.023327919666907525	-0.040737301769390895	-0.08154394491244557	-0.012221588565094345	-0.05347303344897597	-0.07153696566162236	-0.04496258664742078	-0.03667996273877007	-0.04126040190372055	-0.06400964303608915	0.018052623313949436	-0.009281515440637647	0.056088176372446924	0.026311427970661844	-0.010856506847960698	0.05982222514700074	0.08406245347518503	0.06493162707747911	0.016886860025059923	-0.005921712146325892	-0.0716143872654043	0.03510326373267102	0.029660171723334464	0.005257598017431954	0.00515736595348426	-0.003914055520208929	-0.003275457033226545	-0.001297044100441667	-0.004129695055278402	-0.0016852732321006858	-0.0	0.0	0.0	0.0	0.0	0.0	0.0	0.0
15549X21	-0.3342970031512094	0.248949177006337	0.1241079134782427	-0.005928522637581225	-0.3106301040203668	0.14727269418216798	0.3314182558908625	0.36536758391935387	0.030752244320408764	-0.10474810379727191	-0.026584285018288398	-0.018151747719973462	0.025857864916307673	-0.014798971505463668	0.10324811724376526	0.10212841656715503	-0.03523670067353024	-0.010483193918639867	0.02874295807707737	-0.01551048748570499	-8.360112006977795e-05	-0.014384773267151237	-0.02225740364058388	-0.004379400205266114	0.021361307152342263	-0.019635491926549765	-0.002487302098707536	0.004625341861279284	0.002189561785383366	-0.023483770521836547	-0.015972846375872794	0.029803239679117126	-0.0019223642058421445	0.0031861419269525342	0.005702736775335035	-0.002567245294345403	0.005589344243795564	-0.0009083360943580655	-0.00022348153974405583	-0.00039772434571941817	-0.0006328394116893187	-0.0	0.0	0.0	0.0	0.0	0.0	0.0	0.0
15549X27	0.3887767285670781	0.10306662460158912	0.05597513376381865	0.000830872068886668	-0.0269627788954834	-0.01911780830215657	0.03983772936032692	-0.0446185610227862	0.0316549095104416	0.02555434375903864	-0.0159286897002698	0.013674070224481147	0.0004110072864018489	0.002957724766703483	-0.02304322826155141	-0.004365590977119837	0.006547180305429568	0.003890043355837418	-0.018001430897236746	0.03573774854257307	0.006318621257341335	0.04213875177653386	0.010789053130298239	-0.025126743739842635	-0.006366231977139364	0.02601000336183284	-0.010178564017817443	0.031538826975883186	0.03266431650642475	-0.04025152282565992	0.053495115527126685	0.00896140182248083	-0.0048106986640703	0.05011607407935167	0.076241477686896	-0.05729291176006805	-0.019224177614503173	-0.02450045290105093	0.0008137863844635512	-0.0034901016787881357	-0.0004736354115922996	-0.0	0.0	0.0	0.0	0.0	0.0	0.0	0.0
15549X14	-0.32951895760373157	-0.002408019749767895	-0.09687967045271306	0.17424969801260431	0.04979115078037171	-0.4056071297055144	0.03876576542461214	0.1376215684807666	0.2578340151925044	0.04144433746290976	-0.016090725707342386	-0.14200959487081247	-0.029844557091033404	-0.109818124853402	-0.133624819702394	-0.03589557462839151	-0.1042815645464465	-0.08984682029159363	0.02782714797931322	0.08984908721004774	-0.013592804213901041	-0.040391233597192135	0.013283921907890642	-0.02615140670333493	0.007726333257999612	0.039898021644867214	-0.030719571083508562	-0.004562337590906627	-0.011838033521668236	-0.0004864233113328711	0.00417151361981826	-0.021420388756745512	0.0006540991601565811	-0.005217297897360283	-0.004183258757432832	0.0011242753309616098	-0.002533795580244339	-0.002246213156825184	0.0019976972164341402	-0.0011474189397465279	7.353117754179732e-05	-0.0	0.0	0.0	0.0	0.0	0.0	0.0	0.0
15549X6	-0.33765666978682674	0.1554993763568134	-0.12318941466217653	-0.02223229915151957	-0.1290545313185265	-0.12197907546775541	-0.041832134388993934	0.08176956847273073	-0.12770701634728604	0.5004517907664573	0.14476721083803223	0.07527093924404471	0.07823422366238451	-0.020753812844500688	0.03246802669430004	0.03803493598830559	0.016084310870930662	0.029462579648210665	0.034263052938348	-0.047367397190125796	0.015394351356586476	0.022043213554852753	-0.016537756360996154	0.00538295787768396	0.0013493978097780842	0.015593112067812899	0.02291734319636475	-0.003418961231062799	0.0004887075334022224	0.012678557168518238	-0.0004104365110683621	-0.011930526013331826	-0.015878580953827482	-0.011252099749467	0.005117838118809501	-0.0016188238362580191	0.00029592039325591825	-0.0014921023029577005	0.002398216859356303	0.001106702645209325	0.000494881130023469	-0.0	0.0	0.0	0.0	0.0	0.0	0.0	0.0
15549X28	0.1718223489672319	-0.14252253350834024	-0.19401569791765516	-0.07129403503626258	0.00721711891218025	-0.004918787332103786	-0.1124792395315668	0.11581192665962275	0.016721076827837203	-0.02747877954206115	-0.08241877741127092	0.07602773078854246	-0.013812052483132647	0.04202653230594374	0.012965424228897519	0.03380311768526225	-0.020451453887668062	-0.02358633918116663	0.011606059354274865	-0.017018350962458552	-0.03630698039152104	-0.029452661975074807	-0.010980122726720132	-0.03307188300361826	0.05744764005201967	0.015315446511829629	-0.011915337764053012	-0.01920062575822075	0.007205672780117622	0.054228543007392854	-0.039885071707476814	0.024000561876307853	-0.0028987798842132055	0.05574903874260052	0.020996281230330982	0.028569946821270783	0.004684190660342805	0.01091879045603476	0.023146029282270254	0.011246183616316739	0.0011584652302189945	-0.0	0.0	0.0	0.0	0.0	0.0	0.0	0.0
15549X49	0.2576118933189537	0.009979629393409165	-0.017023634931089656	-0.0018995591871333825	-0.008061897452073733	-0.006686249183110404	-0.037900096850223636	0.02365360527017559	-0.15741853070900927	-0.051006602355919056	0.036815563403535936	-0.09233925203456039	-0.0355985996630936	-0.10414904958889382	0.10216412211424271	-0.09802986048014359	-0.0363335475185067	-0.017012234983459454	0.03411944210470745	-0.016323137166383457	-0.02903201848740681	-0.020613516866594447	0.09662233503041685	0.01223346579799453	-0.03882572992424622	-0.0838637439506125	-0.013987658624301654	-0.025508785050198313	-0.0718574499437125	-0.04118356942079767	0.03841572596180706	-0.03040594637471446	-0.03257650917475534	-0.04428227643553662	0.017720962593330364	-0.005158231691493305	0.02302453922611631	0.0037297108473497717	0.013938708851606037	-2.6512548953932983e-05	0.0025065892348200584	-0.0	0.0	0.0	0.0	0.0	0.0	0.0	0.0
15549X35	0.23939775863048401	0.07470974843340387	0.08904356404217631	-0.003722859588601824	-0.03888882477020131	-0.010330086669614687	-0.04301138346462972	0.004546973330066558	0.01653704580256245	0.018728480560743818	-0.0009131897166574117	-0.040439043851940304	-0.023404748272424072	-0.014218416359661687	0.003665696351543618	-0.05913155698012568	0.0931955366053782	0.0717786605156993	0.05992119562964859	-0.028415451209023293	0.07575051040610639	0.05155438841330237	-0.018697495403821877	-0.07937819830256845	-0.02797926369045721	0.05509863095458332	-0.013961063998305089	-0.018125016957428727	-0.06382470166585855	-0.035567884579811485	0.02162657244780975	0.017040286922912682	0.013332656452025415	0.02227683101152276	0.021657610914859945	0.039392139495225506	-0.016203760561458103	0.0033166206626446823	-0.004250733214141451	0.007529107231533238	-0.0012388197318312778	-0.0	0.0	0.0	0.0	0.0	0.0	0.0	0.0
15549X22	-0.39371724711460376	0.4239571599277074	-0.15577288857649105	-0.10853059802800309	0.12779315385567724	0.04565329501779047	0.060463671215218076	0.04478706716946615	-0.06124311677824723	-0.15657320283316264	0.03263466690752851	-0.025552113118188457	-0.02497129953135445	-0.03054397941972444	-0.03535616905028393	0.027679166888294505	0.05876570676277355	0.03420443672155552	-0.050494182793946504	-0.031128104257186925	0.0022163184081210405	0.022492963343841314	-0.006353436220991226	-0.04591328411523552	-0.04980694249075879	0.04579484879880426	0.010014269037649487	-0.009740168914087162	0.0018037010935891967	0.07410429922492404	0.09211809903837255	-0.048938200841994295	-0.008262655060572159	-0.013268071084687392	-0.00701045128456029	0.01774519380729962	-0.01038801082869478	0.0014125924129829606	-0.005215353019043334	0.002201488906450649	0.0012148063910228403	-0.0	0.0	0.0	0.0	0.0	0.0	0.0	0.0

Biplot	0	0

Site constraints	0	0
