Feature	IL_17_Bacillus.S.	IL_17_Bacteroides.V.	IL_17_Candida.A.	IL_17_CD3_CD28	IL_17_Clostridium.P.	IL_17_PBS	IL_17_Pseudomonas.A.	IL_17_Staph.A.
1500012F01Rik	0.00968490445162494	0.00589384929667554	0.00777405528349374	0.0187974395047103	0.00672418301472569	0.0229490728454065	0.0132328669963455	0.0105625576963109
1700123M08Rik	0.0247485918407829	0.0940417512661081	0.017927737426455	0.0779720588732913	0.0201797265793601	0.0191455608465117	0.0255207244318152	0.0156453504819069
2410006H16Rik	0.0154847035402302	0.0102241663654516	0.0157161821250783	0.0266554634647971	0.0146371093284477	0.0213639521930779	0.00948727293051967	0.00492656365855489
4632428C04Rik	0.0247609541713701	0.00588784171295076	0.0108142474974502	0.0259428417098311	0.0357015138620282	0.00463940100661755	0.016745917541729	0.0455163896188218
4930413G21Rik	0.00662817066912865	0.0335599131059323	0.0138135737162784	0.0205327797183498	0.0522134599241715	0.00564059494950786	0.0100877009407985	0.00997661550801061
4930573O16Rik	0.0236538288046495	0.142676551309291	0.0336124437192345	0.0219056229456671	0.0171686556895915	0.00502179887427355	0.185189321249616	0.0154729655455252
5031425F14Rik	0.0367656948835637	0.00970168058706491	0.0474175222089842	0.00944432768564862	0.092107621707432	0.0208551369037076	0.0247135004323373	0.044935672841667
9330020H09Rik	0.00470192327060136	0.0164737814914052	0.0127096605482955	0.0110199831421222	0.00426372054558411	0.00260011030572817	0.00603214669144497	0.00117327376559954
9430008C03Rik	0.00230739802477627	0.00432313373736741	0.00966517499438011	0.0288653837319863	0.0114762439618176	0.00546632327490669	0.0188686524818343	0.00280234455568477
A230050P20Rik	0.00326111580649861	0.00725041907486879	0.00634278869246076	0.0049790778626863	0.00854696035051526	0.0329236090234966	0.0160429569817384	0.00520776165819225
A2m	0.00960469329547355	0.0220819206115603	0.0179738181546942	0.0806389171586559	0.00828038979729935	0.0158951127230058	0.00528988762905667	0.00317346587465174
A430035B10Rik	0.0126640807349233	0.0128145286098218	0.0219378386522099	0.0592608362634222	0.0106036358963773	0.0163671501450556	0.0219268297628751	0.0218233730003783
A430105I19Rik	0.0576926141248858	0.0571054027171132	0.0465594122310271	0.283929001369284	0.0275026508293618	0.0227211311219409	0.0813004238981723	0.0414376695555689
A830010M20Rik	0.0543641029186462	0.00707948626761674	0.0319515913761634	0.024147700382534	0.0165884218566716	0.0206295834993713	0.00678609783040159	0.0261341283434429
Adamts10	0.04575494812653	0.00217246052039909	0.00915898412447253	0.019798960913082	0.039748878326286	0.0440759268399718	0.031882414003131	0.00437937685194414
Adprhl2	0.175406791407489	0.0909478048137511	0.204309283701742	0.0930334344259711	0.0470343677889888	0.0320519793160419	0.0443632064834319	0.139959107738122
Aes	0.0420185327692351	0.0484098862919341	0.0162052198363973	0.171028562245345	0.0164997240123686	0.0230197657431999	0.0458752172379279	0.0629399935170198
Ahcy	0.00374801504107029	0.0251147245982078	0.00623494375347731	0.0143088143356816	0.0101497490923826	0.0161988782769894	0.0584697673970353	0.00445613382598619
Arhgdia	0.126445991032656	0.0992395307809396	0.0644880218148253	0.0335784134370105	0.0408051733824737	0.0593984307815189	0.125054123876222	0.0842602944595404
Arih2	0.0245368918050442	0.00805969261858179	0.0130821890566929	0.00625653751699338	0.0319362863187781	0.00825601831677375	0.0137790114524215	0.0235102721809945
Arl5b	0.00494129769049313	0.0420587453908638	0.0203298849191992	0.00488810378194084	0.0174699863049761	0.0176022808190681	0.0311964650543082	0.00959930401878614
Armcx5	0.014852190576283	0.0220354953810179	0.010170675539842	0.00361525371532918	0.00960926414930884	0.0146685959868737	0.00531358610749201	0.00498112770110653
Art2a-ps	0.0203056618234081	0.0266230027417691	0.0116712757699171	0.00468873138621919	0.0118302275885468	0.00244423750477824	0.0131625094637538	0.024442786711262
Art2b	0.0314875777641886	0.0389027937744915	0.0200753285936901	0.00403241021715612	0.0196980270095036	0.00243829260055315	0.0264998882587795	0.0192486664606487
Atf3	0.000894716171599878	0.000968099739460987	0.00275517706021568	0.00278127694978534	0.000947517966310589	0.000440015892479079	0.00325161932384947	0.000309884811356663
Atf4	0.00207559896208852	0.0127340485763021	0.0062368897342599	0.00982224266162446	0.00195564463569293	0.00699028202165096	0.00386389699354098	0.00525365854277096
Atp5e	0.00941294385327824	0.0105063871913313	0.00613037320368716	0.0123428383634837	0.013605651858904	0.0070222656092554	0.0212693896162091	0.00449569892216267
Atp6v0b	0.00709444947911025	0.00524505962259075	0.0284994670185042	0.0185678657887142	0.00711906512234227	0.0261489463227043	0.0207650446398925	0.0171058321961448
Bambi	0.00499440833733799	0.0141062443660538	0.00396713445160484	0.0046436601975585	0.00486251436667024	0.00535686142432072	0.00922926775486844	0.00480732940704312
Bola2	0.028361597949446	0.0279097964450988	0.010911554855274	0.0148354992932036	0.0154202569992096	0.021689444615086	0.0272853046620975	0.00475783724020604
Brd4	0.00403172530799222	0.00364561935801328	0.0115071249924667	0.0438131432236691	0.00521191618480835	0.00454522618803773	0.00477598112988758	0.00310945352853789
Btg2	0.00230984067591733	0.00206419046204887	0.00111044825791443	0.00200572316652874	0.00116066409692303	0.00176428544633514	0.00453060504494407	0.00193684695884004
Btk	0.00737098004491674	0.0234980408101405	0.00697731594895592	0.0170466050273611	0.0570259812949184	0.0166523819020714	0.0154687573833096	0.0329661088844707
Bysl	0.0206299923272469	0.0268361620994196	0.0140791196866491	0.0180469034328524	0.00818574100057049	0.013968400854636	0.0171593310545346	0.0077009177959749
Bzrap1	0.0209753277689779	0.0212979123201944	0.00832017383880786	0.052946745339691	0.0156322734112981	0.00778629848513434	0.011212084461766	0.0214558467356635
C230024C17Rik	0.0361754514707253	0.0102635219478549	0.120490196436183	0.0105320725329659	0.0770153675157852	0.00807801880464897	0.00941028391624445	0.0203620493064593
Capn11	0.0393957237100767	0.021541317661154	0.0522099596999358	0.0305042904448317	0.0318293247921217	0.00760961770924118	0.0114693567303195	0.0410334202427694
Capn6	0.0666193975893975	0.0741878994207073	0.0754386527366406	0.0265910337328601	0.0680553977411594	0.0123370819117438	0.0610145053930668	0.0845640978970831
Car5a	0.0101840389165811	0.0665589378777512	0.0238487937124735	0.0438776928435983	0.0173492299438188	0.00681299340295058	0.0511625182493054	0.0557278441962224
Ccdc88a	0.0186139786187619	0.0112030134895757	0.0127231231324973	0.0036143401749432	0.0071343645300651	0.0251546593395199	0.00829674637865797	0.00309968918270012
Ccl4	0.00980134340502539	0.00490776378055741	0.00628040817990463	0.00671495487490812	0.00297331045478756	0.0010706297655619	0.0131321246726146	0.0037432349955174
Ccnl1	0.0175830974679709	0.00517860328478393	0.012892820401603	0.0111975390524425	0.00874702491272412	0.00895302753970526	0.00640168187054041	0.00413560296939215
Ccno	0.0169548635988463	0.0273567815419856	0.0275954788202013	0.041348667198378	0.0455476041120848	0.00495408273048861	0.0387778702602556	0.0297802398699047
Ccrl2	0.00401344425255806	0.0158834873103277	0.0104682154166119	0.00417494866821569	0.013793022449425	0.0105593862861225	0.00726454735536582	0.00285329123727092
Cd28	0.00548161018955454	0.0088439335716609	0.0160127625567851	0.003403930506873	0.00460351302520629	0.0035086416757766	0.015734648643808	0.0290487084317352
Cd69	0.00309833434615807	0.00143270296664306	0.0017739926112466	0.00731190633214466	0.00228601005224263	0.00215555856194722	0.00551254325958213	0.00545560410843547
Cd83	0.00383371275155596	0.011215117658846	0.0233560413960024	0.0152037578761833	0.00549896449477543	0.00294888772467286	0.0110854012064866	0.0106269553779217
Cdc5l	0.0061299214305129	0.00136591404012054	0.00777448664926272	0.0128713867794654	0.014632894400701	0.00294208152770171	0.00619850153571564	0.00764979797923145
Cdk5	0.00686330168647945	0.00384170705428338	0.00309369211593535	0.0101915288453945	0.00877349860317084	0.0219010727801489	0.00390330163016869	0.00424661782153828
Cfl2	0.0204379676056075	0.00929431057069449	0.00774241556168539	0.0129024311680584	0.00712786185864357	0.0234010609102065	0.00731944591600896	0.0093568745270661
Cisd3	0.00905997384339071	0.00470139755361285	0.0050349921814829	0.00701120334469268	0.0096915418084367	0.0509205320294477	0.0265146089992941	0.01402031807384
Clcn4-2	0.0168818005970243	0.0479961644289633	0.0340973133481482	0.00855322578453352	0.0180959011656522	0.069172223327369	0.0754618657828537	0.0243604326877622
Clec9a	0.00271831590962529	0.00447119662835634	0.011411687320221	0.00691898050247825	0.0109716471832689	0.0325643616235967	0.00526340896788143	0.00420305664797703
Clp1	0.00868110137829901	0.00789682614978087	0.00228294676775792	0.0208911073666118	0.00597063632788167	0.00566973329597775	0.00283024346849589	0.00510789356900982
Cnp	0.00384093406381879	0.0252803157571098	0.0107141655147947	0.00907304619020611	0.00940591275351942	0.0260330558396858	0.00395273021200517	0.00639567231986228
Col6a4	0.0090309472304548	0.0043992700275478	0.00333798099381374	0.0136825315328008	0.0179737867750198	0.0322421957195095	0.0258761591277151	0.00786547040424222
Comtd1	0.0103816320433848	0.00342957818334476	0.00503892053919256	0.054676615508386	0.0151249188392295	0.00193168675578314	0.0239317126403887	0.01795960690309
Copa	0.012902843708497	0.00983915867614975	0.010794450269774	0.0157247516266167	0.0310848984684359	0.00901148813700955	0.0189267680721036	0.00587507551320282
Coq10b	0.0125986942008435	0.0172382483332401	0.0208016452413738	0.00375945860163812	0.0178206550456876	0.00590346105830421	0.00397542285206869	0.0154874130356235
Crip1	0.00883148292129476	0.0396049675539611	0.0143511818058935	0.0647495275375867	0.0354747092454455	0.00555077360083345	0.037099886190012	0.0447421301049322
Csf2	0.105243201421845	0.0593482531658537	0.164014672940141	0.0185012320277765	0.0460273656091924	0.0159529246871381	0.0672048123874262	0.163491481440552
Csf3	0.0241356848017766	0.146742896933606	0.0711138511458132	0.0612153730963783	0.0263125056878689	0.00763433322913507	0.118396078089772	0.0175247497612791
Ctnnb1	0.0121168998439952	0.00766112013004134	0.0106632654655245	0.00816692271044289	0.0353527212925858	0.00297595069477536	0.0184725343179193	0.0216579166936047
Ctnnd2	0.0231141784885017	0.00389131045358627	0.00538257418869833	0.0303092578107675	0.0241964423587488	0.0264052312910019	0.00501928793612567	0.0106644026307538
Cxcl1	0.0152240282668609	0.0211015415145366	0.00694879372159086	0.0201218758959048	0.00586396060210431	0.010149259767848	0.0136226214712796	0.029538686394886
Cxcl10	0.00629380147742877	0.00639046650145775	0.00346137232705754	0.0036038128954281	0.00589949011612912	0.00743913959887531	0.00163167203629078	0.00113733318296825
Cyfip2	0.00938363414425188	0.0131788596322589	0.0190203105311434	0.0493843957090995	0.0311306999962164	0.0105637833230727	0.0240258796147083	0.0189652393895627
D_0__Bacteria; D_1__Bacteroidetes; D_2__Bacteroidia; D_3__Bacteroidales; D_4__Muribaculaceae; D_5__uncultured Bacteroidales bacterium; D_6__uncultured Bacteroidales bacterium	0.00819590570174636	0.00348830136882608	0.015765764449096	0.00402463211708082	0.021322893768799	0.00181165711438665	0.00569560648709079	0.0155211013891087
D_0__Bacteria; D_1__Bacteroidetes; D_2__Bacteroidia; D_3__Bacteroidales; D_4__Prevotellaceae; D_5__uncultured; D_6__Prevotellaceae bacterium DJF_VR15	0.0671447532009115	0.0635729771371926	0.0186831880458154	0.352344396458963	0.146700936648329	0.0260199423740819	0.0666887521980344	0.125049510435638
D_0__Bacteria; D_1__Proteobacteria; D_2__Gammaproteobacteria; D_3__Betaproteobacteriales; D_4__Burkholderiaceae; D_5__Parasutterella; D_6__uncultured bacterium	0.00114274230456863	0.00380454965408852	0.00139785982466003	0.0138665149941884	0.00325727986483476	0.00408652987605999	0.00229392540388283	0.00638697767822272
Ddx3y	0.00722579266470259	0.00923987335801969	0.00525060519412552	0.00403384058248246	0.00355127411422296	0.000794550133253615	0.00629901531601739	0.0138941342453312
Dennd1c	0.00867785390153375	0.00471058860879995	0.00443114210037623	0.00641370094773776	0.0081770247313358	0.0153802477911261	0.00257347416149417	0.00317552107371204
Dennd2d	0.00371555387494852	0.00300612472956789	0.00470583813593112	0.00408064367816302	0.00455952555634104	0.0141434120987729	0.0057705753845518	0.00597891318621122
Dmxl2	0.0389482511811505	0.015975043221916	0.0358969483422513	0.0381083407097006	0.0493030579095288	0.00859562750326105	0.0359015326203352	0.0408335225410442
Dnajb1	0.00768715967125973	0.00870453497336936	0.00672729541791443	0.0119999000068657	0.00380568322318966	0.000780553631073353	0.0164584372321355	0.0101308293813897
Dnajb4	0.0109585462787549	0.00215927902015066	0.00688555648799246	0.00349370638479168	0.0110121041749869	0.00332610183260711	0.0130356902428997	0.00373436113664835
Dock8	0.00437052578949963	0.00513603802445308	0.0107081072293602	0.00542272447089376	0.022087843132273	0.00163881836390172	0.0118500874092512	0.0227797722269013
Dusp1	0.00125479495245347	0.00542164182763644	0.00335206211691043	0.00627831816791443	0.00695361531887786	0.00212871422501631	0.00251301353509324	0.00174090506179788
Dusp10	0.010143565826763	0.00306723621451835	0.00290282784799793	0.0367228652257035	0.00681904392301116	0.00686329281943563	0.00345341532953161	0.00494183450764779
Ebf3	0.0760414550696093	0.0890599883742802	0.0878592778842636	0.00647158530133165	0.0179894334349277	0.0230723101193764	0.0133918791957655	0.0698347870214107
Eef2	0.00966967463324059	0.0252378626062455	0.0276184468045831	0.0282747581540179	0.00375314554127821	0.00564751731010399	0.00897037721385496	0.0242144231342557
Efcab12	0.0247774987656566	0.0821961319764731	0.0261486390921139	0.0504419994358675	0.0862882330617864	0.0152169422147284	0.05957655594711	0.0471682320363224
Egr1	0.00274940540140761	0.00325184079075854	0.0052237682149445	0.00519848140692142	0.00291239475979272	0.00249645023460541	0.00562478402219668	0.0100786795003739
Eif2s3y	0.00766582534881554	0.0138880433576708	0.00681163543005208	0.00197619587000096	0.00529721958408612	0.0029318109418617	0.00893718634576877	0.00926062049372832
Eif3f	0.00831158210020492	0.022367588352346	0.0105654708823144	0.013258983650863	0.0252774361959252	0.0142553011022981	0.00874524190023484	0.00682506496003897
Eif4a2	0.00354782594105311	0.00272419499801405	0.00229598839052111	0.00367250626018561	0.00682265783475231	0.01597693282351	0.0123033397583549	0.0142693626070033
Elac2	0.0202903011422999	0.0121834457571691	0.0128431696155374	0.00497391999801556	0.00737124165460682	0.0328960674271786	0.017969649934711	0.00718790371477979
Entpd4	0.0166177093670766	0.0110048747231161	0.00574297679892022	0.0218623662947733	0.0249747234997271	0.0307352309081936	0.0262368207693606	0.00559419793535507
Epc1	0.00437774550691858	0.00872154431675038	0.022894150905459	0.00936477301959582	0.00917564274325274	0.0228871122790036	0.0100001128988371	0.0103702879737129
Ephb3	0.0757962954680953	0.117726290905587	0.0338053123972931	0.0374337939612506	0.0305638552654152	0.00569471095815491	0.0634091008788928	0.0130696001014952
Erdr1	0.0162019962720679	0.016762765840066	0.0188117015276662	0.0181386969946771	0.00957096161432693	0.0186781294899548	0.00843322839853164	0.0093140974224873
Evc2	0.0148344852892966	0.0928711390944062	0.0278878219911161	0.0050903658257965	0.0226355464188429	0.00509164394763749	0.0880319446112612	0.0126231565750605
F730043M19Rik	0.137957659366707	0.121423347771794	0.159567905925438	0.0459498814466391	0.0395560349420345	0.0192208466286642	0.0779003396082598	0.0356197970361099
Fam203a	0.0221549407229825	0.0213602326376868	0.008491407964132	0.023025810963472	0.0230060126590484	0.00374107273936596	0.0201813685726984	0.0112562121445937
Fbxo2	0.125867820516411	0.0355183428040744	0.0931117649468766	0.0448796104361503	0.0421501022563337	0.116093613513793	0.0471047209984833	0.109187352235169
Fgf1	0.00545436841526604	0.0210411175718459	0.0016583515211909	0.0129458319373112	0.00972557598210668	0.00725747592626883	0.0119309148347284	0.00301057330106607
Fos	0.00228519355763148	0.000669394683582811	0.00269556756070246	0.00198651803283024	0.000918942056614451	0.000655472181787271	0.000628380353411867	0.00125439533086906
Fosb	0.00207809186215006	0.00195900343609287	0.000790821436818968	0.00177472554006339	0.0011182818531813	0.000289237538348814	0.00348117307173682	0.00165817933417599
Foxo1	0.00500496397397023	0.0166347377055964	0.0341159482157798	0.0106286905778647	0.00790536600135246	0.00473585741106312	0.0137692884819182	0.00844037178584758
Gad1	0.0172234568968091	0.00459215680473649	0.0143024882510963	0.0063817432654879	0.0069624843751337	0.0403010821876631	0.00593059826666337	0.0127951334103196
Gas5	0.0144074176234195	0.0191524590180373	0.0250223931448929	0.0491382876074783	0.0104348911643582	0.00512546996614425	0.00817960680065466	0.0255759649193604
Gdf11	0.003723897885703	0.00729115785479803	0.00991054835830396	0.0338429838675405	0.00980256096945663	0.0359326209002223	0.00786092504987667	0.00741518249845539
Gimap1	0.027659994510725	0.0508055925559831	0.0575549451356704	0.0336926539356425	0.0123191281960769	0.0171732397163753	0.0456480599752399	0.0473777298382859
Gimap9	0.0036075394744837	0.00503604658389403	0.0219188843633201	0.0210097637536345	0.00356904386691628	0.0232595342157828	0.0103236202764644	0.00390021124057081
Gltscr2	0.0308007575766895	0.0419283220467953	0.025284993577439	0.0155728504716885	0.0227457198063953	0.036413255626924	0.0395173275820997	0.025648023358084
Gm10560	0.0139324051859845	0.0150935529719102	0.0317252141848562	0.0162519080959626	0.0722259604799776	0.00779635080735735	0.010781763272398	0.033775286183673
Gm10845	0.0291232751607076	0.015250638167889	0.0729393719629438	0.0176401862423066	0.0717234354427842	0.050638010253324	0.0239219516431786	0.0319000761031592
Gm10863	0.0694206172103624	0.0156098638580956	0.0397383913270322	0.012755413836049	0.0166715724404343	0.0119813861727809	0.0162707887594302	0.0385462177816006
Gm12216	0.00692469977488965	0.0115944123503643	0.0105652242580677	0.00926729284780545	0.00859192716047059	0.0220617261870962	0.00675454602617595	0.00791291710111468
Gm13826	0.147500894940227	0.140929439404519	0.170679844738698	0.18415413922446	0.031003195862823	0.0168871988982266	0.0264432153411093	0.120035394927672
Gm19705	0.00437446334517376	0.00655378638311543	0.010293610322869	0.0409123594975866	0.0163355445430893	0.00177962967695928	0.0201691743463582	0.0137322189697485
Gm20199	0.00454254678487597	0.00724588627910412	0.00161092371105842	0.00642731183535733	0.00773798976145418	0.0015717083789981	0.0131149590842489	0.00145582195055091
Gm3336	0.0910911170088874	0.0263361721757571	0.0100821331735749	0.0741163840555093	0.0688572842892002	0.0105117445526887	0.0520863424356622	0.054243428048527
Gm5129	0.0505902074118293	0.0178493853792033	0.016913415434186	0.0235358107620687	0.0218873360253095	0.00609501981269035	0.0123693579323792	0.0103170260492945
Gm5506	0.0185584627018837	0.019873852101918	0.0158937209813522	0.0109958304159735	0.0413552008534611	0.0165823886842107	0.0239496812004546	0.0173232328537142
Gnai2	0.0213192836788272	0.00502759618515733	0.00155092008281001	0.0303941802565592	0.0235320093707562	0.00327292509976635	0.0083476311358188	0.0111385085802388
H2-Q4	0.00715373674230606	0.0216817124023761	0.0197148585054155	0.00569081163336736	0.0390679523261145	0.00547254215231237	0.00920718438211873	0.00410529622476242
H2-T10	0.00850286403764135	0.0155087321930781	0.00822425950308841	0.00901504451903628	0.00923369145017436	0.017651867886127	0.0294311714884205	0.00343774178285436
Hcn1	0.0422459365071728	0.0107234040191165	0.00820019315216368	0.220542481309748	0.0120304406086281	0.00763293374876861	0.0250268567182276	0.0139457062498654
Hcst	0.0305439307361303	0.0225016306777157	0.0199301875406211	0.00633792169223389	0.0165221571223611	0.00506984680290938	0.0151453849465028	0.0114549258065431
Herc6	0.00586556671367897	0.00787936772233871	0.0114222795497677	0.00614910758031867	0.0152345293845564	0.026049115797616	0.0077182026981764	0.0199397979470241
Herpud1	0.00340750927515531	0.0033381545167005	0.00639517291719106	0.00583115641543065	0.0041254834029113	0.00658868574808921	0.0129314278517648	0.00536295837599111
Hes6	0.0252595434153595	0.0282311225299019	0.00513602860943177	0.00323644566756854	0.014755669686466	0.00274615683631929	0.029106091157519	0.00247335065881351
Hist1h1c	0.00387628323112416	0.000613567316168013	0.000980161075765062	0.00146446277454264	0.000991441430836922	0.000889841751497868	0.00317944291529268	0.00170257320256957
Hist1h3d	0.0412270863583648	0.054881407242356	0.0258070715315107	0.0215591428809391	0.0298799875066681	0.0110118558699958	0.0163802086817634	0.00826427300986261
Hoxc6	0.0177756544587722	0.0355435651030732	0.00715581239268969	0.0471373125438203	0.0455343718168758	0.0164659914745667	0.0745794982232574	0.0142149664964823
Hoxc8	0.0048108866355583	0.00780687808676696	0.0160656279881975	0.0058857180317753	0.0159576377944498	0.00424581472513838	0.0405711951850674	0.0183790819098437
Hspa1a	0.00611732823965412	0.00318319293925021	0.00977805681723187	0.00715294325264047	0.0119523808807428	0.00464970074014988	0.00399081826526939	0.00826350639735863
Hspa1b	0.00344516308876768	0.00245072508011137	0.00948390812885846	0.007859642012071	0.0109744632315046	0.00612309775483837	0.00572515008130018	0.00925909505557591
Hspa5	0.0114991466702184	0.003353188701836	0.0193520908798343	0.0163297420209428	0.0126163012087206	0.00829653472661978	0.00229125264536013	0.00517643871526575
Hspe1	0.00321782993448663	0.0166491765014649	0.00876576261282704	0.0227475102195807	0.0377404648092237	0.0196143225089603	0.00967594949818336	0.0182044818797885
Hvcn1	0.00353746908012199	0.00432589696114151	0.00207192494617514	0.0119640469484085	0.00286990587765554	0.00142638277792402	0.00441589734550221	0.0189899798916625
Ier2	0.00120880417436843	0.00427717189488239	0.00378657783606627	0.00151763825907654	0.000947926208727135	0.000787393243373462	0.000709932951936268	0.00198561981675385
Ifi27l2a	0.00478355458365882	0.00346111352894968	0.0121568074496842	0.0143967144786291	0.0143444891201207	0.00339499775990905	0.00972529001842713	0.00783248027604003
Ifng	0.0210848064291699	0.0229260530277506	0.0386208974498453	0.00497734968863619	0.0143425945566199	0.0191658593836965	0.0171406256550478	0.0227507518561081
Ikbke	0.00647877425273107	0.0237664058390343	0.00455149605444587	0.0419026226949083	0.01885306024632	0.0116800274278093	0.0262836279629573	0.00744275636458771
Incenp	0.00519891543535448	0.00370151997228643	0.00172406847229416	0.0267192219399603	0.00759304827657506	0.00201710762492814	0.00337391139450205	0.00354055969308807
Insig1	0.00569539233028376	0.00478636957338706	0.0320265739578277	0.0276781050988747	0.0149562691822373	0.0101929515389386	0.0197688809835985	0.0152588878817332
Iqgap1	0.019907244909853	0.0072133486304786	0.0160126979350004	0.0441492747868351	0.0275542555269188	0.0345070121803491	0.0227219319448828	0.0237253627715596
Irf7	0.00280023207654403	0.00834621748384835	0.0041700545701206	0.0197563934701955	0.00268875134431484	0.00211794051439115	0.00541838948143081	0.0109394147964056
Itpripl1	0.0113029380542084	0.0436268209365532	0.00453066160119343	0.00571734409924564	0.005520057141334	0.0313451223215171	0.0419946300785539	0.0122488670758801
Jak1	0.0310564317737336	0.0260427775822481	0.0110732288597479	0.0376032917435353	0.0476527953858854	0.0420010951354237	0.0241589204200299	0.0117376567082699
Kcna2	0.0129895185691627	0.00458613930341999	0.0113653292354265	0.0372510785305125	0.0178624674342481	0.0252587218176881	0.00538003364805487	0.00900468753770153
Keap1	0.00734273101909714	0.00833288212329192	0.0120819582296813	0.0147493921716725	0.0152376569444576	0.0147755009281843	0.00662691866685089	0.0121359501630818
Kif14	0.0404659634807152	0.0277178284903177	0.0300981896578502	0.0143822538996263	0.0492174519268647	0.023765648412537	0.016088746581048	0.0128807082254905
Klf2	0.00225626407419738	0.00233118846411659	0.00326441681754169	0.00255078509993523	0.000965238309445964	0.000585113811952193	0.00355522091249096	0.00270354979719739
Klf4	0.00105885178256517	0.00533744591666063	0.0024607858635245	0.00216314071633358	0.00176892108803767	0.0019878888599197	0.00109571759059668	0.00243557453831375
Krt20	0.0641581502300726	0.0832230121767279	0.0371775167474948	0.00965535623914464	0.00656458786356623	0.00831026772326841	0.0526497350058402	0.0341010081814216
Lclat1	0.034069098074354	0.00885154054065366	0.018786110710827	0.00706108925403538	0.0223517062209452	0.00840477955234331	0.0138990172715491	0.00278087994923023
Lgr6	0.119573651988827	0.00938845276828254	0.0261530800254618	0.0236752324988169	0.154136767466093	0.026174822657144	0.129786224680228	0.0524608913530399
Lipa	0.00689182689627154	0.0133378365818303	0.0239050413563787	0.0328034153225518	0.0125604146854507	0.00846547145111683	0.0526821102020881	0.0176244133635802
Lmna	0.011259270172866	0.00201632936202816	0.00387636184376041	0.00940551230326201	0.00782855588968236	0.0202096413913088	0.0153487556328062	0.00217336881600756
Lrrn4	0.0245609966139749	0.00992491482773763	0.0155456305734119	0.0624651452776332	0.010139206225991	0.00635290792372719	0.0155386101813966	0.0499702280764609
Maff	0.00686139039342064	0.00344028428563339	0.00260788842343154	0.00633797513374821	0.00163740215276057	0.00417450975825479	0.00268142641531296	0.00247518989469757
Man2b1	0.0128884675742469	0.00757086294695522	0.0116181207368279	0.0117013200269976	0.00585058408987013	0.00399936487028148	0.014746840190545	0.0244223421083255
Map2k2	0.0219402195841128	0.0324885263421082	0.00846859284392627	0.00508439289019495	0.00720385853702481	0.00850861978971039	0.010292332311564	0.00860922551387866
Map3k8	0.00438821795644555	0.00255540423512523	0.00490455339531446	0.00228697135998284	0.0044447807340692	0.00115293728854789	0.0126979579026195	0.00312099806380104
Marcksl1-ps4	0.12956879284959	0.0450845626652898	0.0354899795751045	0.0504258488839817	0.0147172563076211	0.00848484611941021	0.0465911468443423	0.0710617474473603
Mbnl1	0.0129103111098626	0.0490665589154982	0.00840601393406956	0.0270640530194279	0.0201519632286287	0.0107527838169858	0.0239708119649911	0.0290693834638658
Mcpt1	0.0569171348785373	0.112808985719979	0.237692582450211	0.069211205494453	0.0323182636591967	0.0121059416559892	0.0311170207593913	0.106659597798473
Mff	0.0327594914524778	0.0232586239409033	0.00963632208287473	0.0781995642621816	0.00380958884115449	0.00774765603316124	0.0360384695823733	0.0216013554088388
Mir22hg	0.00807642336984345	0.0118407062415099	0.00434352320493035	0.00239237627900924	0.0137116695886107	0.00224908563584973	0.00565584305910162	0.0125578041120339
MLN_Treg_cells	0.00721185555002159	0.00532800959443771	0.00621610048909363	0.00116962426898452	0.00553878659836462	0.00681814076968596	0.00446305973531518	0.00893919891984544
Mmrn1	0.0386677034022717	0.0270277296462948	0.0241925644829986	0.013551734792612	0.0789617019195186	0.00475259519772145	0.0508664957309619	0.0159008973412531
Mrps17	0.0157143981038955	0.00635273635664985	0.00762576200549722	0.0169748591318452	0.00410167414069724	0.0197064081277736	0.00789293078861724	0.00750240920693012
Ms4a6b	0.0171482640275753	0.016714217154979	0.00760766705780594	0.00598095155687817	0.00526556362175967	0.0182342828991684	0.00366493241462737	0.0118542384716345
Myh7b	0.0232763642961877	0.0165884710960792	0.00559074886242042	0.0750089543760677	0.00659153200562557	0.00929483457313486	0.00743433990649175	0.00567444779728682
Ncl	0.0206028969646312	0.0509554069699047	0.0181981025792998	0.0255309279929804	0.00979313309216477	0.0228166725836593	0.0252909535454873	0.00898187692951116
Ncoa6	0.00426227796288564	0.0020016958766273	0.00257063983330929	0.0022742874088989	0.00353420884830803	0.0179307814084732	0.00727025388005848	0.00299623472440515
Ndrg3	0.00396275788944681	0.00237796527975612	0.00232574226634511	0.00810368996422419	0.0113197244351075	0.0309067483469841	0.0101660376728401	0.00756432125696922
Ndufa3	0.00574924726804307	0.00292966595971885	0.00685309416916768	0.00282767860677628	0.00405720122943103	0.00351195998223324	0.00848119104593164	0.00243634066099449
Ndufa7	0.0333632790084277	0.0259800354822224	0.0570224564756013	0.0121404540109954	0.047429830495472	0.00449890166819304	0.011682175527869	0.0344233639889347
Nfasc	0.0354798656345744	0.0153513611750543	0.0189397252727317	0.00582805064457148	0.0625522111462858	0.043281289276917	0.0183692930508887	0.0501128542140944
Nfkbia	0.00100411798728046	0.000577716319330431	0.00212837066934453	0.00556115721463639	0.00484247558904672	0.00163012288275655	0.00248219366441646	0.00322004832506869
Nfkbid	0.00558673720072835	0.00150986688245383	0.00504337991839809	0.0113830321130383	0.00935420389439844	0.00581194267899336	0.00428910594053483	0.00263536700335042
Nkd1	0.0157827364131668	0.00651002181984884	0.0074570083002268	0.0301090965352443	0.0192259611014395	0.012322103048738	0.0149293337655101	0.0622345427166078
Nlrc3	0.0100518411273878	0.0262139514281808	0.00428193405278095	0.00802130295023959	0.0184891284383223	0.00509011946855633	0.00589628349600252	0.0253403576326571
Nr4a2	0.00175526323537745	0.00137859504032931	0.00625484128910626	0.00517026593194217	0.00758430482676863	0.00808361170346716	0.0101501407998014	0.00250300233910755
Nrp	0.0104534995394728	0.0108265637537267	0.00557887276212614	0.00261359398842909	0.00821986502544101	0.00451336217951316	0.00840287494713717	0.00143274826790108
Numbl	0.00644734780555235	0.00561186492576283	0.0147646800294523	0.0273633925970628	0.0428682492703665	0.0083099979453963	0.00976288943968213	0.0295468399363309
Oas2	0.0173361718596934	0.00223310905763861	0.00958689388126779	0.0040547254668294	0.0054665391143539	0.00833363511489366	0.0109626452526964	0.0114136622274733
Oxsm	0.0350394101558506	0.0163971187022941	0.0180306193944457	0.00998532329608944	0.0410248011550294	0.0032336027496724	0.0135688360132657	0.0348542376442867
Oxt	0.0562737868563079	0.0384835863909748	0.0087619227189633	0.0197815284134388	0.106704896325663	0.00941080474829776	0.015386621265629	0.0643224079472195
Pdss2	0.0102845737163167	0.0392665296790767	0.0452135245185321	0.0178250006468163	0.050566199073173	0.123275352544315	0.0175584429174188	0.00658117895495272
Per1	0.00344276472305864	0.0102527200966216	0.0127321448426412	0.00380163065968881	0.00279910821928507	0.00441708853096651	0.00233296857451523	0.00529884264124281
Pex12	0.0104485200066071	0.00648455763442321	0.00241661186171536	0.0523507614681452	0.00555287859276257	0.00482421883587007	0.00449817185373144	0.00211252937563888
Phip	0.0112820777045866	0.0634585417118168	0.0221880056825426	0.0119845654370411	0.060720353499147	0.0107579454554049	0.0203326430863169	0.020618651451475
Phlda1	0.00123342259919624	0.00329367044498174	0.00400028467200755	0.0047704020364358	0.00301011242781264	0.00451571189723222	0.00205637377662599	0.00120663968929366
Plk2	0.00842096343940981	0.00956268444425541	0.00336287755062855	0.0142364869585579	0.0108343294039465	0.012525276582065	0.0117129258405123	0.00575849057374936
Plod2	0.0140991810517924	0.00459982973079389	0.0183730185363465	0.032638141611558	0.0423899348822176	0.00244876858794826	0.0120811383754013	0.0185297724505861
Pmaip1	0.00280034462706918	0.000527613383224152	0.0015819162872102	0.00037583827637869	0.00271104455407915	0.0010100026794974	0.000501524249832399	0.00180383404802407
Pnldc1	0.232788031825211	0.235273787759491	0.138190496886653	0.0862157428847908	0.148221772494033	0.0133372094307949	0.306260040671574	0.0572207551938631
Pnpla6	0.00773998791774345	0.0134077325971453	0.0119262559457817	0.0162322399051792	0.00331269226127527	0.0241187717108056	0.00767035645265811	0.0068717104766454
Pnrc1	0.00758638124492891	0.00401830167232317	0.00596521121997911	0.0145516351498223	0.00235472866991841	0.00628234760675107	0.0157572345978668	0.0045700725880124
Ppp1r15a	0.00280966929255521	0.00103986707935598	0.000415460411469719	0.00259059408056427	0.000676754351714942	0.000575563702774283	0.00111820040621582	0.00192813152274279
Prr7	0.00452538333210304	0.0117441469127301	0.0291106896029277	0.0178854501697809	0.0137333741501804	0.00300232693944133	0.0172806515579192	0.00772798217102665
Prrg3	0.0309976079745085	0.048724438021529	0.0339350057169393	0.0634599775814175	0.0179939750218023	0.0205157999047384	0.139764557166581	0.0151812343764694
Ptbp2	0.00353454978323673	0.0051765922413216	0.00345817496918282	0.0128337091090762	0.00179192649132905	0.00277879666165985	0.00212812164283479	0.00243587421991739
Rbmx	0.021300638702492	0.0118502638279203	0.0263769096030968	0.0210444194175682	0.0222043199248349	0.0104418598047519	0.0169018979515824	0.0408334738606923
Rbpms	0.0106609398309856	0.00381109007669094	0.00287987849796541	0.00599955588906502	0.00521895335354126	0.0263375731575532	0.0190046487004637	0.0149650882225258
Ribc1	0.0203962030740237	0.00542522347720994	0.00682043963166803	0.0154146215609683	0.00430850387671311	0.0335656767960441	0.0284026729728511	0.00414531914905383
Rin3	0.0305918292589352	0.0278139058776191	0.00490775611700614	0.0079890603552696	0.0181684671373393	0.00373015392298484	0.00718754758590044	0.00533425406505131
Rn4.5s	0.00658621713548708	0.00193017237172244	0.00970606938263562	0.00597183733289055	0.00515712914014413	0.00927999987984129	0.0096071981756841	0.00859581574287516
Rpl17	0.0265837509002978	0.0285749921349057	0.0136594061287315	0.0148456333834989	0.00432391623978585	0.00267510578249388	0.0174210592226162	0.00617730670562131
Rpl35	0.0051276085100327	0.00892518437802979	0.00417229653228985	0.0116914711328689	0.00928447795977693	0.00289261841507033	0.00790600169730996	0.00481085807949969
Rpl38	0.00385083359415834	0.0062454844882691	0.00178642249945243	0.0123451510346337	0.00613937642149457	0.00516929323071175	0.00854745573997865	0.00259157503408497
Rpl39	0.00551823161251165	0.037781869112964	0.0143104820222827	0.0184129194170608	0.00493162551006987	0.010492679371269	0.00706785018087109	0.00305276075030801
Rps15a	0.0162457812021568	0.0128363869740165	0.0195722244421547	0.0213305362848191	0.00760236684021821	0.00483833083096926	0.0206074413577634	0.0262005619596659
Rps21	0.00551507470900331	0.00223533743811051	0.00351038070379401	0.00431137746083019	0.00346755972437753	0.00158705699156215	0.00349754615548965	0.00236465200803483
Rrp1	0.0151959705552978	0.0169991382524872	0.0433255828430025	0.0781479870859756	0.0222287597949874	0.017161953050315	0.0208377343127152	0.0406882161098064
Rufy3	0.0145336988390814	0.018637641502326	0.0184248107682551	0.0795146727518061	0.027225969073354	0.00658050009620153	0.00817604254323815	0.011953936785705
Saa3	0.0243060221904768	0.0296903819993048	0.00331724519426854	0.0237176990585041	0.00700465750229575	0.00297909539226723	0.0340662314692975	0.0222095889003306
Sbno2	0.00598180921833403	0.00384435872729653	0.00644551375954615	0.003213047440329	0.00134675194449691	0.0109856123705558	0.00185505213733365	0.00380061065674566
Sdcbp2	0.00343325569363561	0.0186763716261578	0.0114102558840855	0.0302400336969838	0.00989842090100635	0.00924279947025237	0.0130235748567461	0.00272259280402804
Sec11c	0.00506926799812036	0.0135246393723283	0.0187199945089051	0.016614835852102	0.0128920982528303	0.00299022703633905	0.0161696823631686	0.00841751876938633
Sec61a1	0.00849066874259952	0.0124363152378632	0.0059889256482958	0.0187677158771425	0.00843840066447467	0.00506387533316922	0.0188342552177559	0.0379278840790347
Sell	0.025049253284038	0.0201195603270418	0.00911285428463094	0.00274531950925208	0.0114661827741045	0.00807461718698272	0.0165976800292185	0.0113553216970656
Serp1	0.0392680050777268	0.0722998304132713	0.0730511106568053	0.0753934170673338	0.064916150813123	0.0180348344497152	0.0513873181768544	0.0338420332120688
Sik1	0.00366325045867668	0.00169548130677581	0.00702637953809344	0.01383834418523	0.00250726641606429	0.00093014424777206	0.00455774976840346	0.00190454342523635
Slc38a2	0.00302620405606442	0.0135345907229384	0.00303195852840547	0.00817297890847495	0.00289378096243736	0.0047917171871223	0.0101393821655512	0.00297391570988923
Slfn9	0.0101886656485838	0.0132033151154871	0.0187443281431232	0.0103896337422567	0.0143355294565537	0.0520143605598255	0.0105068971947965	0.0210507316144346
Smarca4	0.0128543060136241	0.0212117572545511	0.0246385558027997	0.0367998361916711	0.0133992061092665	0.0763152653266065	0.013196652957758	0.04853131544225
Snhg12	0.00129786092993917	0.0015118510903137	0.00252632434170565	0.00228796491157354	0.00217952295394837	0.00924284461205806	0.0013378345338571	0.000533118827863244
Snhg6	0.00310428739618207	0.0121572958996151	0.00645981653447152	0.0339766224755197	0.00294880972929961	0.00787062477917218	0.00847252143159345	0.00204785594903957
Snhg9	0.0017018328874861	0.00228946825266979	0.00457277006726309	0.00183885547223133	0.000959078973585514	0.00735151310065707	0.00416738346549943	0.000708946929158748
Snord104	0.0163041475631808	0.00226268806854328	0.0039266389080202	0.0173897383774682	0.0103348860076132	0.00738712687076429	0.00955269014436782	0.00820420028170558
Snx8	0.00993291548292707	0.00271318162651587	0.00641190760169627	0.0267429797959742	0.00996504919805538	0.0343389548042521	0.0135090726736435	0.00630835988076028
Sowahc	0.0104583796444513	0.0168051354229334	0.0249594083359407	0.0427729787515402	0.0201386949536626	0.0109701443344768	0.0177491507719786	0.0257243152246006
Sp1	0.0305481013880167	0.0417938245024326	0.044599756604081	0.0333670809116123	0.0266374981264762	0.00983830021660678	0.0262308190548211	0.0522027484235831
Srf	0.0077539334750669	0.00331314743768042	0.00464015484682814	0.0169121672885563	0.0171421401164096	0.00361186113731004	0.0118251768757528	0.00351588216381951
Sri	0.0202891103768083	0.0162267079298052	0.0186115186195721	0.0268080769368107	0.0549876668822215	0.0140206208544822	0.0686841462183036	0.0145303341936122
Srp9	0.00510038203415441	0.00364284995276461	0.00328743842544361	0.0180783188682833	0.003427828957039	0.0112343210904787	0.00773912034117588	0.00701784863337099
Srsf5	0.00557746092276598	0.00548466890333732	0.00171557929606463	0.00216926512273568	0.00240740644888396	0.00187277987696051	0.0101582147531319	0.00220446638229721
Sspo	0.129142933587978	0.06363945487513	0.064020473031978	0.0748518376630028	0.0766205016708438	0.00614625723300706	0.10848125433337	0.0468443301762482
Taz	0.0181645554625925	0.00588117697818534	0.00505818627261669	0.0276736005809442	0.0200531767344644	0.0352970616190054	0.0150905193331917	0.00729886411732366
Tcap	0.00827137955365701	0.00524084860966562	0.00655781021561285	0.0023064937868631	0.00223792302351348	0.0173491682443741	0.00376350193117021	0.0105841498460791
Timm50	0.00534693378696129	0.00491553181856501	0.00447712835349512	0.060051270207265	0.0128108496141655	0.00879609408053524	0.0067237492861881	0.0056433642780857
Tln1	0.022757464883793	0.0192825841944559	0.0160952358284852	0.0238935779545233	0.0112348863972873	0.00437658414592468	0.0356896068047329	0.0160643984566876
Tma16	0.0132306581131014	0.0078764423331047	0.00666125698923354	0.0189751140794929	0.0020244340178874	0.00252687107795871	0.0110243093819354	0.00661452199631496
Tmcc2	0.0133382025992244	0.0246230806481582	0.0138914602488179	0.0211972864998437	0.0331447102349546	0.00754109702608211	0.00756737151538869	0.00624142381746678
Tmem189	0.0110443139391114	0.00490110500640581	0.00268949798078427	0.0358976947560012	0.00891875576056878	0.00619596996650696	0.00555458525880754	0.00358496939461167
Tmem258	0.0129060443569278	0.00306867440505312	0.00349805386388005	0.0146693767994214	0.00499174716641832	0.00445886777622323	0.0622933597480049	0.0141421348345015
Tmprss11d	0.0145557767045201	0.020198956629741	0.0195212927756578	0.0170941515520978	0.0052269629419417	0.0206763832937021	0.0107375917683113	0.0153591567263381
Tnfsf8	0.0267069735683435	0.0279342676472435	0.0210913818549195	0.0108241314785742	0.0258067530979344	0.0149669582661427	0.0194835733209939	0.0201821226775367
Tomm20	0.00882890624666162	0.00849176217049426	0.0136445274295976	0.0166472555388346	0.0110656568879982	0.0187281435005382	0.0166461697656013	0.0176499149870935
Trappc1	0.00328700200376063	0.0148069477783359	0.00354831460386587	0.0519392519510572	0.0155376637292083	0.0156994430545298	0.0084169101910253	0.00467622848662779
Triobp	0.0105244371227791	0.0323665448811857	0.0470997029377099	0.0605490840452557	0.0391233173686983	0.00648470090364251	0.00986934672744241	0.0264386956990742
Tsix	0.0145741091330337	0.00887317737225468	0.00363844150264501	0.00589256461022245	0.00318574671858248	0.00125068215450798	0.0101443256753202	0.0141421065966157
Ubr3	0.017761519152307	0.0383211107957779	0.0320335837639881	0.0205557564556869	0.0403508698274495	0.00474187595267586	0.0641446116880325	0.0230539855614584
Ubtf	0.0034480523584863	0.0160283216199421	0.0158741289569096	0.00830835957919767	0.00540230826367527	0.0315330501904293	0.0154194712286371	0.00364326556457379
Ubxn10	0.0261867245760868	0.00795548770428888	0.0366104334060289	0.00476766608876633	0.0302255324267564	0.0450216025899519	0.0162228042949093	0.0152900989839112
Uqcrb	0.00904334664082008	0.00195370626537365	0.00316570502967873	0.00215716268005444	0.00361086169805852	0.0138533558683721	0.005721638988265	0.00267135464923986
Usp53	0.0406445818411807	0.0178312414834823	0.0470927101028134	0.0268251147943842	0.0251078583012751	0.0132446229590825	0.0169305775864886	0.0481721675718407
Uty	0.0187939048373749	0.021353052190178	0.0177664165319221	0.00514397665014514	0.014289460664952	0.00312795686909925	0.0146074536790149	0.0254914435201865
Vamp2	0.00497901579638044	0.00224824751997726	0.00572354817503615	0.00849949486385681	0.00424286441382661	0.0126825855788052	0.0197632423283801	0.0164369152708414
Vmp1	0.00271579828088833	0.00948154989693977	0.00189561577874619	0.0126200224786184	0.00170968580355878	0.00358710520438088	0.0117827663937692	0.0041458222422433
Vps16	0.00377233634097535	0.00138752199498398	0.00116136500414912	0.0193472722311399	0.00177346165128958	0.0101819279763041	0.00659149754578381	0.00449152482942554
Xist	0.00334590674879528	0.00378651182355802	0.00192166970161883	0.000572874551032658	0.00107222043881204	0.000600871871689851	0.00304565154064141	0.00474593037078003
Xpo4	0.0272325795075412	0.0192464863137177	0.00705527005475184	0.043184853729428	0.0253062258879454	0.0100063529848421	0.0191174976716137	0.00708458464867831
Yrdc	0.0124605390060083	0.00551832019212895	0.00542690351020739	0.0184732943815888	0.00864408750107432	0.0304362483747343	0.00610093121563213	0.0266253997540975
Zer1	0.0265484041151327	0.0214173157395175	0.00800422873253056	0.00902210138199831	0.0125492042279978	0.0262363090151769	0.0765705062505401	0.027754647069093
Zfp36	0.00454025478843331	0.00393287757599838	0.00671374882685145	0.00533304889745812	0.00290895531201757	0.00165772949046745	0.00183584864400138	0.00155861894146402
Zfp719	0.00646765680584707	0.00375196941932517	0.00441626698625145	0.038641090210616	0.00397452451852321	0.00368961078188792	0.0035114349544827	0.00814152560692556
